Хозяйство  пути и сооружений%РАБОЧИЕ%Бетонщик%Костюм для защиты от механических воздействий, воды и щелочей  %1%%1%12%12%
Хозяйство  пути и сооружений%РАБОЧИЕ%Бетонщик%Ботинки юфтевые на маслобензостойкой подошве%1 пара%%1%12%12%
Хозяйство  пути и сооружений%РАБОЧИЕ%Бетонщик%Перчатки комбинированные%12 пар%%12%1%12%
Хозяйство  пути и сооружений%РАБОЧИЕ%Бетонщик%Перчатки с полимерным покрытием%12 пар%%12%1%12%
Хозяйство  пути и сооружений%РАБОЧИЕ%Бетонщик%Очки защитные закрытые%до износа%%1%0%0%
Хозяйство  пути и сооружений%РАБОЧИЕ%Бетонщик%Респиратор противоаэрозольный%до износа%%1%0%0%
Хозяйство  пути и сооружений%РАБОЧИЕ%Бетонщик%Полумаска со сменными противоаэрозольными фильтрами%до износа%%1%0%0%
Хозяйство  пути и сооружений%РАБОЧИЕ%Бетонщик%Наушники противошумные%до износа%%1%0%0%
Хозяйство  пути и сооружений%РАБОЧИЕ%Бетонщик%Каска защитная%1 на 2 года%%1%24%24%
Хозяйство  пути и сооружений%РАБОЧИЕ%Бетонщик%Сапоги из поливинилхлоридного пластиката%1 пара%%1%12%12%
Хозяйство  пути и сооружений%РАБОЧИЕ%Бетонщик%Рукавицы виброзащитные%до износа%При выполнении  работ виброинструментом дополнительно:%1%0%0%
Хозяйство  пути и сооружений%РАБОЧИЕ%Бетонщик%Перчатки виброзащитные%до износа%При выполнении  работ виброинструментом дополнительно:%1%0%0%
Хозяйство  пути и сооружений%РАБОЧИЕ%Бетонщик%Костюм для защиты от пониженных температур «Механизатор»%по поясам%При работе в неотапливаемых помещенияхна наружных работах зимой дополнительно:%1%36%36%
Хозяйство  пути и сооружений%РАБОЧИЕ%Бетонщик%Подшлемник для защиты от пониженных температур со звукопроводными вставками (под каску) %по поясам%При работе в неотапливаемых помещенияхна наружных работах зимой дополнительно:%1%24%24%
Хозяйство  пути и сооружений%РАБОЧИЕ%Бетонщик%Рукавицы утепленные%по поясам%При работе в неотапливаемых помещенияхна наружных работах зимой дополнительно:%1%6%6%
Хозяйство  пути и сооружений%РАБОЧИЕ%Бетонщик%Перчатки утепленные%по поясам%При работе в неотапливаемых помещенияхна наружных работах зимой дополнительно:%1%6%6%
Хозяйство  пути и сооружений%РАБОЧИЕ%Бетонщик%Перчатки утепленные с защитным покрытием, нефтеморозостойкие%по поясам%При работе в неотапливаемых помещенияхна наружных работах зимой дополнительно:%1%6%6%
Хозяйство  пути и сооружений%РАБОЧИЕ%Бетонщик%Сапоги юфтевые утепленные на нефтеморозостойкой подошве в I и II поясах%по поясам%При работе в неотапливаемых помещенияхна наружных работах зимой дополнительно:%1%12%12%
Хозяйство  пути и сооружений%РАБОЧИЕ%Бетонщик%Сапоги кожаные утепленные «СЕВЕР ЖД» в III, IV и особом поясах%  по поясам%При работе в неотапливаемых помещенияхна наружных работах зимой дополнительно:%1%36%36%
Хозяйство  пути и сооружений%РАБОЧИЕ%Бетонщик%Валенки (сапоги валяные)%по поясам%При работе в неотапливаемых помещенияхна наружных работах зимой дополнительно: в III, IV и особом поясах  %1%12%12%
Хозяйство  пути и сооружений%РАБОЧИЕ%Бетонщик%Галоши на валенки (сапоги валяные)%1 пара на 2 года%При работе в неотапливаемых помещенияхна наружных работах зимой дополнительно:%1%24%24%
%%%%%%%%0%
Хозяйство  пути и сооружений%РАБОЧИЕ%Бригадир (освобожденный) по текущему содержанию и ремонту пути и искусственных сооружений; монтер пути; распределитель работ; тоннельный рабочий%Комплект «Путеец-Л»%1%%1%12%12%
Хозяйство  пути и сооружений%РАБОЧИЕ%Бригадир (освобожденный) по текущему содержанию и ремонту пути и искусственных сооружений; монтер пути; распределитель работ; тоннельный рабочий%Ботинки юфтевые на маслобензостойкой подошве%1 пара на 9 месяцев%%1%9%9%
Хозяйство  пути и сооружений%РАБОЧИЕ%Бригадир (освобожденный) по текущему содержанию и ремонту пути и искусственных сооружений; монтер пути; распределитель работ; тоннельный рабочий%Cапоги юфтевые на маслобензостойкой подошве%1 пара  на 9 месяцев%%1%9%9%
Хозяйство  пути и сооружений%РАБОЧИЕ%Бригадир (освобожденный) по текущему содержанию и ремонту пути и искусственных сооружений; монтер пути; распределитель работ; тоннельный рабочий%Куртка из плащевого полотна%1 на 2 года%%1%24%24%
Хозяйство  пути и сооружений%РАБОЧИЕ%Бригадир (освобожденный) по текущему содержанию и ремонту пути и искусственных сооружений; монтер пути; распределитель работ; тоннельный рабочий%Куртка из плащ –палатки %1 на 2 года%%1%24%24%
Хозяйство  пути и сооружений%РАБОЧИЕ%Бригадир (освобожденный) по текущему содержанию и ремонту пути и искусственных сооружений; монтер пути; распределитель работ; тоннельный рабочий%Плащ  для защиты от воды%1 на 3 года%%1%36%36%
Хозяйство  пути и сооружений%РАБОЧИЕ%Бригадир (освобожденный) по текущему содержанию и ремонту пути и искусственных сооружений; монтер пути; распределитель работ; тоннельный рабочий%Комплект для защиты от воды%1 на 2 года%%1%24%24%
Хозяйство  пути и сооружений%РАБОЧИЕ%Бригадир (освобожденный) по текущему содержанию и ремонту пути и искусственных сооружений; монтер пути; распределитель работ; тоннельный рабочий%Перчатки комбинированные%12 пар%%12%1%12%
Хозяйство  пути и сооружений%РАБОЧИЕ%Бригадир (освобожденный) по текущему содержанию и ремонту пути и искусственных сооружений; монтер пути; распределитель работ; тоннельный рабочий%Перчатки с полимерным покрытием%12 пар%%12%1%12%
Хозяйство  пути и сооружений%РАБОЧИЕ%Бригадир (освобожденный) по текущему содержанию и ремонту пути и искусственных сооружений; монтер пути; распределитель работ; тоннельный рабочий%Перчатки трикотажные%6 пар%%6%2%12%
Хозяйство  пути и сооружений%РАБОЧИЕ%Бригадир (освобожденный) по текущему содержанию и ремонту пути и искусственных сооружений; монтер пути; распределитель работ; тоннельный рабочий%Очки защитные открытые%до износа%%1%0%0%
Хозяйство  пути и сооружений%РАБОЧИЕ%Бригадир (освобожденный) по текущему содержанию и ремонту пути и искусственных сооружений; монтер пути; распределитель работ; тоннельный рабочий%Щиток защитный лицевой% до износа%%1%0%0%
Хозяйство  пути и сооружений%РАБОЧИЕ%Бригадир (освобожденный) по текущему содержанию и ремонту пути и искусственных сооружений; монтер пути; распределитель работ; тоннельный рабочий%Респиратор противогазоаэрозольный%до износа%%1%0%0%
Хозяйство  пути и сооружений%РАБОЧИЕ%Бригадир (освобожденный) по текущему содержанию и ремонту пути и искусственных сооружений; монтер пути; распределитель работ; тоннельный рабочий%Жилет сигнальный 2 класса защиты%4%%4%12%48%
Хозяйство  пути и сооружений%РАБОЧИЕ%Бригадир (освобожденный) по текущему содержанию и ремонту пути и искусственных сооружений; монтер пути; распределитель работ; тоннельный рабочий%Перчатки диэлектрические %дежурные%При выполнении  работ  электроинструментом дополнительно:%%%0%
Хозяйство  пути и сооружений%РАБОЧИЕ%Бригадир (освобожденный) по текущему содержанию и ремонту пути и искусственных сооружений; монтер пути; распределитель работ; тоннельный рабочий%Рукавицы виброзащитные%до износа%При выполнении  работ виброинструментом дополнительно:%1%0%0%
Хозяйство  пути и сооружений%РАБОЧИЕ%Бригадир (освобожденный) по текущему содержанию и ремонту пути и искусственных сооружений; монтер пути; распределитель работ; тоннельный рабочий%Перчатки виброзащитные%до износа%При выполнении  работ виброинструментом дополнительно:%1%0%0%
Хозяйство  пути и сооружений%РАБОЧИЕ%Бригадир (освобожденный) по текущему содержанию и ремонту пути и искусственных сооружений; монтер пути; распределитель работ; тоннельный рабочий%Костюм для защиты от механических воздействий, воды и щелочей  %до износа%При  выполнении работ по погрузке и выгрузке шпал, пропитанных антисептиками, дополнительно:%1%0%0%
Хозяйство  пути и сооружений%РАБОЧИЕ%Бригадир (освобожденный) по текущему содержанию и ремонту пути и искусственных сооружений; монтер пути; распределитель работ; тоннельный рабочий%Перчатки с полимерным покрытием%до износа%При  выполнении работ по погрузке и выгрузке шпал, пропитанных антисептиками, дополнительно:%1%0%0%
Хозяйство  пути и сооружений%РАБОЧИЕ%Бригадир (освобожденный) по текущему содержанию и ремонту пути и искусственных сооружений; монтер пути; распределитель работ; тоннельный рабочий%Перчатки с полимерным покрытием%до износа%При  выполнении  работ по водоборьбе,  очистке подкюветных дренажей, прорезей, галерей, штолен, лотков  и ремонту пути на пунктах погрузки соли дополнительно:%1%0%0%
Хозяйство  пути и сооружений%РАБОЧИЕ%Бригадир (освобожденный) по текущему содержанию и ремонту пути и искусственных сооружений; монтер пути; распределитель работ; тоннельный рабочий%Сапоги из поливинилхлоридного пластиката%1 пара%При  выполнении  работ по водоборьбе,  очистке подкюветных дренажей, прорезей, галерей, штолен, лотков  и ремонту пути на пунктах погрузки соли дополнительно:%1%12%12%
Хозяйство  пути и сооружений%РАБОЧИЕ%Бригадир (освобожденный) по текущему содержанию и ремонту пути и искусственных сооружений; монтер пути; распределитель работ; тоннельный рабочий%Каска защитнаяс фонарем шахтерским%1 на 2 года%При выполнении  работ в тоннелях дополнительно: При выполнении  работ в тоннелях дополнительно: При выполнении  работ в тоннелях дополнительно: %1%24%24%
Хозяйство  пути и сооружений%РАБОЧИЕ%Бригадир (освобожденный) по текущему содержанию и ремонту пути и искусственных сооружений; монтер пути; распределитель работ; тоннельный рабочий%Наушники противошумные%до износа%При выполнении  работ в тоннелях дополнительно: При выполнении  работ в тоннелях дополнительно: При выполнении  работ в тоннелях дополнительно: %1%0%0%
Хозяйство  пути и сооружений%РАБОЧИЕ%Бригадир (освобожденный) по текущему содержанию и ремонту пути и искусственных сооружений; монтер пути; распределитель работ; тоннельный рабочий%Сапоги резиновые%1 пара%При выполнении  работ в тоннелях дополнительно: При выполнении  работ в тоннелях дополнительно: При выполнении  работ в тоннелях дополнительно: %1%12%12%
Хозяйство  пути и сооружений%РАБОЧИЕ%Бригадир (освобожденный) по текущему содержанию и ремонту пути и искусственных сооружений; монтер пути; распределитель работ; тоннельный рабочий%Сапоги резиновыерыбацкие%1 пара%При выполнении  работ в тоннелях дополнительно: При выполнении  работ в тоннелях дополнительно: При выполнении  работ в тоннелях дополнительно: %1%12%12%
Хозяйство  пути и сооружений%РАБОЧИЕ%Бригадир (освобожденный) по текущему содержанию и ремонту пути и искусственных сооружений; монтер пути; распределитель работ; тоннельный рабочий%Респиратор противогазоаэрозольный%до износа%При выполнении  работ в тоннелях дополнительно: %1%0%0%
Хозяйство  пути и сооружений%РАБОЧИЕ%Бригадир (освобожденный) по текущему содержанию и ремонту пути и искусственных сооружений; монтер пути; распределитель работ; тоннельный рабочий%Противогаз фильтрующий% дежурный%При выполнении  работ в тоннелях дополнительно: При выполнении  работ в тоннелях дополнительно: При выполнении  работ в тоннелях дополнительно: %1%0%0%
Хозяйство  пути и сооружений%РАБОЧИЕ%Бригадир (освобожденный) по текущему содержанию и ремонту пути и искусственных сооружений; монтер пути; распределитель работ; тоннельный рабочий%Комплект для защиты от пониженных температур  «Путеец» %по поясам%Зимой дополнительно:%1%36%36%
Хозяйство  пути и сооружений%РАБОЧИЕ%Бригадир (освобожденный) по текущему содержанию и ремонту пути и искусственных сооружений; монтер пути; распределитель работ; тоннельный рабочий%Шапка-ушанка со звукопроводными вставками%по поясам%Зимой дополнительно:%1%24%24%
Хозяйство  пути и сооружений%РАБОЧИЕ%Бригадир (освобожденный) по текущему содержанию и ремонту пути и искусственных сооружений; монтер пути; распределитель работ; тоннельный рабочий%Шапка трикотажная%1 на 2 года%Зимой дополнительно:%1%24%24%
Хозяйство  пути и сооружений%РАБОЧИЕ%Бригадир (освобожденный) по текущему содержанию и ремонту пути и искусственных сооружений; монтер пути; распределитель работ; тоннельный рабочий%Рукавицы утепленные%по поясам%Зимой дополнительно:%1%6%6%
Хозяйство  пути и сооружений%РАБОЧИЕ%Бригадир (освобожденный) по текущему содержанию и ремонту пути и искусственных сооружений; монтер пути; распределитель работ; тоннельный рабочий%Перчатки утепленные%по поясам%Зимой дополнительно:%1%6%6%
Хозяйство  пути и сооружений%РАБОЧИЕ%Бригадир (освобожденный) по текущему содержанию и ремонту пути и искусственных сооружений; монтер пути; распределитель работ; тоннельный рабочий%Перчатки утепленные с защитным покрытием, нефтеморозостойкие%по поясам%Зимой дополнительно:%1%6%6%
Хозяйство  пути и сооружений%РАБОЧИЕ%Бригадир (освобожденный) по текущему содержанию и ремонту пути и искусственных сооружений; монтер пути; распределитель работ; тоннельный рабочий%Сапоги утепленные из поливинилхлоридного пластиката и влагостойкой ткани%по поясам%Зимой дополнительно:%1%24%24%
Хозяйство  пути и сооружений%РАБОЧИЕ%Бригадир (освобожденный) по текущему содержанию и ремонту пути и искусственных сооружений; монтер пути; распределитель работ; тоннельный рабочий%Сапоги юфтевые  утепленные на нефтеморозостойкой подошве%по поясам%Зимой дополнительно:%1%12%12%
Хозяйство  пути и сооружений%РАБОЧИЕ%Бригадир (освобожденный) по текущему содержанию и ремонту пути и искусственных сооружений; монтер пути; распределитель работ; тоннельный рабочий%Валенки (сапоги валяные) с резиновым низом %по поясам%Зимой дополнительно:%1%12%12%
Хозяйство  пути и сооружений%РАБОЧИЕ%Бригадир (освобожденный) по текущему содержанию и ремонту пути и искусственных сооружений; монтер пути; распределитель работ; тоннельный рабочий%Полушубок%по поясам%В III, IV и особом поясах, а также в Казанском отделении Горьковской железной дороги; Самарском, Ульяновском отделениях Куйбышевской  железной дороги; Московско – Курском, Московско – Рязанском,Московско – Смоленском отделениях Московской  железной дороги; Санкт – Петербургском, Санкт-Петербург – Витебском, Волховстроевском, Московском  отделениях Октябрьской  железной дороги дополнительно:Санкт-Петербург – Витебском, Волховстроевском, Московском  отделениях Октябрьской  железной дороги дополнительно:%1%60%60%
Хозяйство  пути и сооружений%РАБОЧИЕ%Бригадир (освобожденный) по текущему содержанию и ремонту пути и искусственных сооружений; монтер пути; распределитель работ; тоннельный рабочий%Полупальто на меховой подкладке%по поясам%В III, IV и особом поясах, а также в Казанском отделении Горьковской железной дороги; Самарском, Ульяновском отделениях Куйбышевской  железной дороги; Московско – Курском, Московско – Рязанском,Московско – Смоленском отделениях Московской  железной дороги; Санкт – Петербургском, Санкт-Петербург – Витебском, Волховстроевском, Московском  отделениях Октябрьской  железной дороги дополнительно:Санкт-Петербург – Витебском, Волховстроевском, Московском  отделениях Октябрьской  железной дороги дополнительно:%1%60%60%
Хозяйство  пути и сооружений%РАБОЧИЕ%Бригадир (освобожденный) по текущему содержанию и ремонту пути и искусственных сооружений; монтер пути; распределитель работ; тоннельный рабочий%Куртка на меховой подкладке%по поясам%В III, IV и особом поясах, а также в Казанском отделении Горьковской железной дороги; Самарском, Ульяновском отделениях Куйбышевской  железной дороги; Московско – Курском, Московско – Рязанском,Московско – Смоленском отделениях Московской  железной дороги; Санкт – Петербургском, Санкт-Петербург – Витебском, Волховстроевском, Московском  отделениях Октябрьской  железной дороги дополнительно:Санкт-Петербург – Витебском, Волховстроевском, Московском  отделениях Октябрьской  железной дороги дополнительно:%1%60%60%
Хозяйство  пути и сооружений%РАБОЧИЕ%Бригадир (освобожденный) по текущему содержанию и ремонту пути и искусственных сооружений; монтер пути; распределитель работ; тоннельный рабочий%Сапоги кожаные утепленные «СЕВЕР ЖД»%  по поясам%В III, IV и особом поясах, а также в Казанском отделении Горьковской железной дороги; Самарском, Ульяновском отделениях Куйбышевской  железной дороги; Московско – Курском, Московско – Рязанском,Московско – Смоленском отделениях Московской  железной дороги; Санкт – Петербургском, Санкт-Петербург – Витебском, Волховстроевском, Московском  отделениях Октябрьской  железной дороги дополнительно:Санкт-Петербург – Витебском, Волховстроевском, Московском  отделениях Октябрьской  железной дороги дополнительно:%1%36%36%
Хозяйство  пути и сооружений%РАБОЧИЕ%Бригадир (освобожденный) по текущему содержанию и ремонту пути и искусственных сооружений; монтер пути; распределитель работ; тоннельный рабочий%Свитер полушерстяной%1%При выполнении  работ  в тоннелях дополнительно:%1%12%12%
Хозяйство  пути и сооружений%РАБОЧИЕ%Бригадир (освобожденный) по текущему содержанию и ремонту пути и искусственных сооружений; монтер пути; распределитель работ; тоннельный рабочий%Подшлемник для защиты от пониженных температур со звукопроводными вставками%по поясам%При выполнении  работ  в тоннелях дополнительно:%1%24%24%
Хозяйство  пути и сооружений%РАБОЧИЕ%Бригадир (освобожденный) по текущему содержанию и ремонту пути и искусственных сооружений; монтер пути; распределитель работ; тоннельный рабочий%Костюм с противомоскитной сеткой для защиты от механических воздействий  и насекомых  (энцефалитного клеща)%до износа%При выполнении работ в районах, эндемичных по клещевому энцефалиту дополнительно:%1%0%0%
Хозяйство  пути и сооружений%РАБОЧИЕ%Бригадир (освобожденный) предприятий железнодорожного транспорта и метрополитенов%Комплект «Путеец-Л»%1%%1%12%12%
Хозяйство  пути и сооружений%РАБОЧИЕ%Бригадир (освобожденный) предприятий железнодорожного транспорта и метрополитенов%Комбинезон для защиты от нетоксичной пыли в комплекте со шлемом %1%%1%12%12%
Хозяйство  пути и сооружений%РАБОЧИЕ%Бригадир (освобожденный) предприятий железнодорожного транспорта и метрополитенов%Ботинки юфтевые на маслобензостойкой подошве%1 пара%%1%12%12%
Хозяйство  пути и сооружений%РАБОЧИЕ%Бригадир (освобожденный) предприятий железнодорожного транспорта и метрополитенов%Сапоги юфтевые на маслобензостойкой подошве%1 пара%%1%12%12%
Хозяйство  пути и сооружений%РАБОЧИЕ%Бригадир (освобожденный) предприятий железнодорожного транспорта и метрополитенов%Плащ  для защиты от воды%1 на 3 года%%1%36%36%
Хозяйство  пути и сооружений%РАБОЧИЕ%Бригадир (освобожденный) предприятий железнодорожного транспорта и метрополитенов%Перчатки комбинированные%12 пар%%12%1%12%
Хозяйство  пути и сооружений%РАБОЧИЕ%Бригадир (освобожденный) предприятий железнодорожного транспорта и метрополитенов%Перчатки с полимерным покрытием%12 пар%%12%1%12%
Хозяйство  пути и сооружений%РАБОЧИЕ%Бригадир (освобожденный) предприятий железнодорожного транспорта и метрополитенов%Очки защитные открытые%до износа%%1%0%0%
Хозяйство  пути и сооружений%РАБОЧИЕ%Бригадир (освобожденный) предприятий железнодорожного транспорта и метрополитенов%Респиратор противоаэрозольный%до износа%%1%0%0%
Хозяйство  пути и сооружений%РАБОЧИЕ%Бригадир (освобожденный) предприятий железнодорожного транспорта и метрополитенов%Жилет сигнальный 2 класса защиты%2%%2%12%24%
Хозяйство  пути и сооружений%РАБОЧИЕ%Бригадир (освобожденный) предприятий железнодорожного транспорта и метрополитенов%%%%%%0%
Хозяйство  пути и сооружений%РАБОЧИЕ%Бригадир (освобожденный) предприятий железнодорожного транспорта и метрополитенов%Комплект для защиты от пониженных температур  «Путеец»%по поясам%Зимой дополнительно:%1%36%36%
Хозяйство  пути и сооружений%РАБОЧИЕ%Бригадир (освобожденный) предприятий железнодорожного транспорта и метрополитенов%Шапка-ушанка со звукопроводными вставками%по поясам%Зимой дополнительно:%1%24%24%
Хозяйство  пути и сооружений%РАБОЧИЕ%Бригадир (освобожденный) предприятий железнодорожного транспорта и метрополитенов%Шапка трикотажная%1 на 2 года%Зимой дополнительно:%1%24%24%
Хозяйство  пути и сооружений%РАБОЧИЕ%Бригадир (освобожденный) предприятий железнодорожного транспорта и метрополитенов%Рукавицы утепленные%по поясам%Зимой дополнительно:%1%6%6%
Хозяйство  пути и сооружений%РАБОЧИЕ%Бригадир (освобожденный) предприятий железнодорожного транспорта и метрополитенов%Перчатки утепленные%по поясам%Зимой дополнительно:%1%6%6%
Хозяйство  пути и сооружений%РАБОЧИЕ%Бригадир (освобожденный) предприятий железнодорожного транспорта и метрополитенов%Перчатки утепленные с защитным покрытием, нефтеморозостойкие%по поясам%Зимой дополнительно:%1%6%6%
Хозяйство  пути и сооружений%РАБОЧИЕ%Бригадир (освобожденный) предприятий железнодорожного транспорта и метрополитенов%Сапоги юфтевые утепленные на нефтеморозостойкой подошве %по поясам%Зимой дополнительно:%1%12%12%
Хозяйство  пути и сооружений%РАБОЧИЕ%Бригадир (освобожденный) предприятий железнодорожного транспорта и метрополитенов%Валенки (сапоги валяные) с резиновым низом%по поясам%Зимой дополнительно:%1%12%12%
%%%%%%%%0%
Хозяйство  пути и сооружений%РАБОЧИЕ%Водитель дрезины; моторист (машинист); машинист мотовоза%Костюм «Механик-Л»%1%%1%12%12%
Хозяйство  пути и сооружений%РАБОЧИЕ%Водитель дрезины; моторист (машинист); машинист мотовоза%Костюм «Механизатор-Л»%1%%1%12%12%
Хозяйство  пути и сооружений%РАБОЧИЕ%Водитель дрезины; моторист (машинист); машинист мотовоза%Ботинки юфтевые на полиуретановой подошве%1 пара%%1%12%12%
Хозяйство  пути и сооружений%РАБОЧИЕ%Водитель дрезины; моторист (машинист); машинист мотовоза%Сапоги юфтевые на  полиуретановой подошве%1 пара%%1%12%12%
Хозяйство  пути и сооружений%РАБОЧИЕ%Водитель дрезины; моторист (машинист); машинист мотовоза%Плащ  для защиты от воды%1 на 3 года%%1%36%36%
Хозяйство  пути и сооружений%РАБОЧИЕ%Водитель дрезины; моторист (машинист); машинист мотовоза%Головной убор сигнальный%1%%1%12%12%
Хозяйство  пути и сооружений%РАБОЧИЕ%Водитель дрезины; моторист (машинист); машинист мотовоза%Перчатки комбинированные%12 пар%%12%1%12%
Хозяйство  пути и сооружений%РАБОЧИЕ%Водитель дрезины; моторист (машинист); машинист мотовоза%Перчатки с полимерным покрытием%12 пар%%12%1%12%
Хозяйство  пути и сооружений%РАБОЧИЕ%Водитель дрезины; моторист (машинист); машинист мотовоза%Перчатки резиновые%до износа%%1%0%0%
Хозяйство  пути и сооружений%РАБОЧИЕ%Водитель дрезины; моторист (машинист); машинист мотовоза%Перчатки из полимерных материалов%до износа%%1%0%0%
Хозяйство  пути и сооружений%РАБОЧИЕ%Водитель дрезины; моторист (машинист); машинист мотовоза%Очки защитные открытые%до износа%%1%0%0%
Хозяйство  пути и сооружений%РАБОЧИЕ%Водитель дрезины; моторист (машинист); машинист мотовоза%Щиток защитный лицевой%до износа%%1%0%0%
Хозяйство  пути и сооружений%РАБОЧИЕ%Водитель дрезины; моторист (машинист); машинист мотовоза%Наушники противошумные%до износа%%1%0%0%
Хозяйство  пути и сооружений%РАБОЧИЕ%Водитель дрезины; моторист (машинист); машинист мотовоза%Жилет сигнальный 2 класса защиты%2%%2%12%24%
Хозяйство  пути и сооружений%РАБОЧИЕ%Водитель дрезины; моторист (машинист); машинист мотовоза%Костюм для защиты от воды прорезиненный %  1 на 1,5 года%При выполнении  работ  в тоннелях дополнительно%1%18%18%
Хозяйство  пути и сооружений%РАБОЧИЕ%Водитель дрезины; моторист (машинист); машинист мотовоза%Комплект для защиты от воды %  1 на 1,5 года%При выполнении  работ  в тоннелях дополнительно%1%18%18%
Хозяйство  пути и сооружений%РАБОЧИЕ%Водитель дрезины; моторист (машинист); машинист мотовоза%Сапоги резиновые%1 пара%При выполнении  работ  в тоннелях дополнительно%1%12%12%
Хозяйство  пути и сооружений%РАБОЧИЕ%Водитель дрезины; моторист (машинист); машинист мотовоза%Сапоги резиновыерыбацкие%1 пара%При выполнении  работ  в тоннелях дополнительно%1%12%12%
Хозяйство  пути и сооружений%РАБОЧИЕ%Водитель дрезины; моторист (машинист); машинист мотовоза%Каска защитнаяс фонарем  шахтерским%1 на 2 года%При выполнении  работ  в тоннелях дополнительно%1%24%24%
Хозяйство  пути и сооружений%РАБОЧИЕ%Водитель дрезины; моторист (машинист); машинист мотовоза%Респиратор противогазоаэрозольный%до износа%При выполнении  работ  в тоннелях дополнительно%1%0%0%
Хозяйство  пути и сооружений%РАБОЧИЕ%Водитель дрезины; моторист (машинист); машинист мотовоза%Противогаз фильтрующий% дежурный%При выполнении  работ  в тоннелях дополнительно%1%0%0%
Хозяйство  пути и сооружений%РАБОЧИЕ%Водитель дрезины; моторист (машинист); машинист мотовоза%Костюм для защиты от пониженных температур «Механизатор»%по поясам%Зимой дополнительно: %1%36%36%
Хозяйство  пути и сооружений%РАБОЧИЕ%Водитель дрезины; моторист (машинист); машинист мотовоза%Костюм для защиты от пониженных температур «Механик»%по поясам%Зимой дополнительно: %1%35%35%
Хозяйство  пути и сооружений%РАБОЧИЕ%Водитель дрезины; моторист (машинист); машинист мотовоза%Шапка-ушанка со звукопроводными вставками%по поясам%Зимой дополнительно: %1%24%24%
Хозяйство  пути и сооружений%РАБОЧИЕ%Водитель дрезины; моторист (машинист); машинист мотовоза%Шапка трикотажная%1 на 2 года%Зимой дополнительно: %1%24%24%
Хозяйство  пути и сооружений%РАБОЧИЕ%Водитель дрезины; моторист (машинист); машинист мотовоза%Рукавицы утепленные%по поясам%Зимой дополнительно: %1%6%6%
Хозяйство  пути и сооружений%РАБОЧИЕ%Водитель дрезины; моторист (машинист); машинист мотовоза%Перчатки утепленные%по поясам%Зимой дополнительно: %1%6%6%
Хозяйство  пути и сооружений%РАБОЧИЕ%Водитель дрезины; моторист (машинист); машинист мотовоза%Перчатки утепленные с защитным покрытием, нефтеморозостойкие%по поясам%Зимой дополнительно: %1%6%6%
Хозяйство  пути и сооружений%РАБОЧИЕ%Водитель дрезины; моторист (машинист); машинист мотовоза%Сапоги юфтевые утепленные на нефтеморозостойкой подошве %по поясам%Зимой дополнительно: %1%12%12%
Хозяйство  пути и сооружений%РАБОЧИЕ%Водитель дрезины; моторист (машинист); машинист мотовоза%Сапоги утепленные из поливинилхлоридного пластиката и влагостойкой ткани% %Зимой дополнительно: %1%24%24%
Хозяйство  пути и сооружений%РАБОЧИЕ%Водитель дрезины; моторист (машинист); машинист мотовоза%Валенки (сапоги валяные) с резиновым низом%по поясам%Зимой дополнительно: %1%12%12%
Хозяйство  пути и сооружений%РАБОЧИЕ%Водитель дрезины; моторист (машинист); машинист мотовоза%Полушубок%по поясам%В III, IV и особом поясах дополнительно:%1%60%60%
Хозяйство  пути и сооружений%РАБОЧИЕ%Водитель дрезины; моторист (машинист); машинист мотовоза%Полупальто на меховой подкладке%по поясам%В III, IV и особом поясах дополнительно:%1%60%60%
Хозяйство  пути и сооружений%РАБОЧИЕ%Водитель дрезины; моторист (машинист); машинист мотовоза%Куртка на меховой подкладке%по поясам%В III, IV и особом поясах дополнительно:%1%60%60%
Хозяйство  пути и сооружений%РАБОЧИЕ%Водитель дрезины; моторист (машинист); машинист мотовоза%Сапоги кожаные утепленные «СЕВЕР ЖД»% по поясам%В III, IV и особом поясах дополнительно:%1%36%36%
Хозяйство  пути и сооружений%РАБОЧИЕ%Водитель дрезины; моторист (машинист); машинист мотовоза%Свитер полушерстяной%1%При выполнении работ  в тоннелях дополнительно:%1%12%12%
Хозяйство  пути и сооружений%РАБОЧИЕ%Водитель дрезины; моторист (машинист); машинист мотовоза%Подшлемник для защиты от пониженных температур со звукопроводными вставками%по поясам%При выполнении работ  в тоннелях дополнительно:%1%24%24%
%%%%%%%%0%
Хозяйство  пути и сооружений%РАБОЧИЕ%Водитель погрузчика%Костюм «Механизатор-Л»%1 на 9 месяцев%%1%9%9%
Хозяйство  пути и сооружений%РАБОЧИЕ%Водитель погрузчика%Комбинезон для защиты от общих производственных загрязнений и механических воздействий%1 на 9 месяцев%%1%9%9%
Хозяйство  пути и сооружений%РАБОЧИЕ%Водитель погрузчика%Ботинки юфтевые на маслобензостойкой подошве%1 пара%%1%12%12%
Хозяйство  пути и сооружений%РАБОЧИЕ%Водитель погрузчика%Сапоги юфтевые на маслобензостойкой подошве%1 пара%%1%12%12%
Хозяйство  пути и сооружений%РАБОЧИЕ%Водитель погрузчика%Плащ  для защиты от воды%1 на 3 года%%1%36%36%
Хозяйство  пути и сооружений%РАБОЧИЕ%Водитель погрузчика%Перчатки комбинированные%12 пар%%12%1%12%
Хозяйство  пути и сооружений%РАБОЧИЕ%Водитель погрузчика%Перчатки с полимерным покрытием%12 пар%%12%1%12%
Хозяйство  пути и сооружений%РАБОЧИЕ%Водитель погрузчика%Жилет сигнальный 2 класса защиты%1%%1%12%12%
Хозяйство  пути и сооружений%РАБОЧИЕ%Водитель погрузчика%Костюм для защиты от пониженных температур «Механизатор» %по поясам%При работе в неотапливаемых помещенияхна наружных работах зимой дополнительно:%1%36%36%
Хозяйство  пути и сооружений%РАБОЧИЕ%Водитель погрузчика%Шапка-ушанка со звукопроводными вставками%по поясам%При работе в неотапливаемых помещенияхна наружных работах зимой дополнительно:%1%24%24%
Хозяйство  пути и сооружений%РАБОЧИЕ%Водитель погрузчика%Рукавицы утепленные%по поясам%При работе в неотапливаемых помещенияхна наружных работах зимой дополнительно:%1%6%6%
Хозяйство  пути и сооружений%РАБОЧИЕ%Водитель погрузчика%Перчатки утепленные%по поясам%При работе в неотапливаемых помещенияхна наружных работах зимой дополнительно:%1%6%6%
Хозяйство  пути и сооружений%РАБОЧИЕ%Водитель погрузчика%Перчатки утепленные с защитным покрытием, нефтеморозостойкие%  по поясам%При работе в неотапливаемых помещенияхна наружных работах зимой дополнительно:%1%1%1%
Хозяйство  пути и сооружений%РАБОЧИЕ%Водитель погрузчика%Сапоги юфтевые утепленные на нефтеморозотойкой подошве в I и II поясах%%При работе в неотапливаемых помещенияхна наружных работах зимой дополнительно:%1%12%12%
Хозяйство  пути и сооружений%РАБОЧИЕ%Водитель погрузчика%Валенки (сапоги валяные)%по поясам%При работе в неотапливаемых помещенияхна наружных работах зимой дополнительно:в III, IV и особом поясах  %1%12%12%
Хозяйство  пути и сооружений%РАБОЧИЕ%Водитель погрузчика%Галоши на валенки (сапоги валяные)% 1 пара на 2 года%При работе в неотапливаемых помещенияхна наружных работах зимой дополнительно:%1%24%24%
%%%%%%%%0%
Хозяйство  пути и сооружений%РАБОЧИЕ%Дежурный по переезду%Комплект «Путеец-Л»%1%%1%12%12%
Хозяйство  пути и сооружений%РАБОЧИЕ%Дежурный по переезду%Ботинки юфтевые на маслобензостойкой подошве%1 пара%%1%12%12%
Хозяйство  пути и сооружений%РАБОЧИЕ%Дежурный по переезду%Плащ  для защиты от воды%1 на 3 года%%1%36%36%
Хозяйство  пути и сооружений%РАБОЧИЕ%Дежурный по переезду%Перчатки комбинированные%8 пар%%8%1,5%12%
Хозяйство  пути и сооружений%РАБОЧИЕ%Дежурный по переезду%Перчатки с полимерным покрытием%8 пар%%8%1,5%12%
Хозяйство  пути и сооружений%РАБОЧИЕ%Дежурный по переезду%Очки защитные открытые%до износа%%1%0%0%
Хозяйство  пути и сооружений%РАБОЧИЕ%Дежурный по переезду%Жилет сигнальный 2 класса защиты%2%%2%12%24%
Хозяйство  пути и сооружений%РАБОЧИЕ%Дежурный по переезду%Комплект для защиты от пониженных температур  «Путеец»%по поясам%Зимой дополнительно:%1%36%36%
Хозяйство  пути и сооружений%РАБОЧИЕ%Дежурный по переезду%Шапка-ушанка со звукопроводными вставками%по поясам%Зимой дополнительно:%1%24%24%
Хозяйство  пути и сооружений%РАБОЧИЕ%Дежурный по переезду%Рукавицы утепленные%по поясам%Зимой дополнительно:%1%6%6%
Хозяйство  пути и сооружений%РАБОЧИЕ%Дежурный по переезду%Перчатки утепленные%по поясам%Зимой дополнительно:%1%6%6%
Хозяйство  пути и сооружений%РАБОЧИЕ%Дежурный по переезду%Сапоги юфтевые утепленные на нефтеморозотойкой подошве в I и II поясах%по поясам%Зимой дополнительно:%1%12%12%
Хозяйство  пути и сооружений%РАБОЧИЕ%Дежурный по переезду%Сапоги кожаные утепленные «СЕВЕР ЖД» в III, IV и особом поясах%  по поясам%Зимой дополнительно:%1%36%36%
Хозяйство  пути и сооружений%РАБОЧИЕ%Дежурный по переезду%Валенки (сапоги валяные)%по поясам%Зимой дополнительно:в III, IV и особом поясах  %1%12%12%
Хозяйство  пути и сооружений%РАБОЧИЕ%Дежурный по переезду%Галоши на валенки (сапоги валяные)%1 пара на 2 года%Зимой дополнительно:%1%24%24%
Хозяйство  пути и сооружений%РАБОЧИЕ%Дежурный по переезду%Куртка на меховой подкладке%по поясам%В III, IV и особом поясах дополнительно:%1%60%60%
Хозяйство  пути и сооружений%РАБОЧИЕ%Дежурный по переезду%Полушубок%по поясам%В III, IV и особом поясах дополнительно:%1%60%60%
Хозяйство  пути и сооружений%РАБОЧИЕ%Дежурный по переезду%Полупальто на меховой подкладке%по поясам%В III, IV и особом поясах дополнительно:%1%60%60%
%%%%%%%%0%
Хозяйство  пути и сооружений%РАБОЧИЕ%Дефектоскопист по  магнитному  и ультразвуковому контролю%Костюм «Механик-Л» %1%При выполнении  работ  в рельсосварочных поездах:%1%12%12%
Хозяйство  пути и сооружений%РАБОЧИЕ%Дефектоскопист по  магнитному  и ультразвуковому контролю%Ботинки юфтевые на маслобензостойкой подошве%1 пара%При выполнении  работ  в рельсосварочных поездах:%1%12%12%
Хозяйство  пути и сооружений%РАБОЧИЕ%Дефектоскопист по  магнитному  и ультразвуковому контролю%Перчатки с полимерным покрытием%6 пар%При выполнении  работ  в рельсосварочных поездах:%6%2%12%
Хозяйство  пути и сооружений%РАБОЧИЕ%Дефектоскопист по  магнитному  и ультразвуковому контролю%Перчатки трикотажные в комплекте с перчатками резиновыми %12 комплектов%При выполнении  работ  в рельсосварочных поездах:%12%1%12%
Хозяйство  пути и сооружений%РАБОЧИЕ%Дефектоскопист по  магнитному  и ультразвуковому контролю%Боты диэлектрические%дежурные%При выполнении  работ  в рельсосварочных поездах:%1%0%0%
Хозяйство  пути и сооружений%РАБОЧИЕ%Дефектоскопист по  магнитному  и ультразвуковому контролю%Перчатки диэлектрические %дежурные%При выполнении  работ  в рельсосварочных поездах:%1%0%0%
Хозяйство  пути и сооружений%РАБОЧИЕ%Дефектоскопист по  магнитному  и ультразвуковому контролю%Жилет сигнальный 2 класса защиты%2%При выполнении  работ  в рельсосварочных поездах:%2%12%24%
Хозяйство  пути и сооружений%РАБОЧИЕ%Дефектоскопист по  магнитному  и ультразвуковому контролю%Костюм для защиты от пониженных температур «Механик»%по поясам%При работе в неотапливаемых помещенияхна наружных работах зимой дополнительно:%1%36%36%
Хозяйство  пути и сооружений%РАБОЧИЕ%Дефектоскопист по  магнитному  и ультразвуковому контролю%Шапка-ушанка со звукопроводными вставками%по поясам%При работе в неотапливаемых помещенияхна наружных работах зимой дополнительно:%1%24%24%
Хозяйство  пути и сооружений%РАБОЧИЕ%Дефектоскопист по  магнитному  и ультразвуковому контролю%Перчатки утепленные%по поясам%При работе в неотапливаемых помещенияхна наружных работах зимой дополнительно:%1%6%6%
Хозяйство  пути и сооружений%РАБОЧИЕ%Дефектоскопист по  магнитному  и ультразвуковому контролю%Перчатки утепленные с защитным покрытием, нефтеморозостойкие%по поясам%При работе в неотапливаемых помещенияхна наружных работах зимой дополнительно:%1%6%6%
Хозяйство  пути и сооружений%РАБОЧИЕ%Дефектоскопист по  магнитному  и ультразвуковому контролю%Сапоги юфтевые утепленные на нефтеморозостойкой подошве в I и II поясах%по поясам%При работе в неотапливаемых помещенияхна наружных работах зимой дополнительно:%1%12%12%
Хозяйство  пути и сооружений%РАБОЧИЕ%Дефектоскопист по  магнитному  и ультразвуковому контролю%Сапоги кожаные утепленные «СЕВЕР ЖД» в III, IV и особом поясах%  по поясам%При работе в неотапливаемых помещенияхна наружных работах зимой дополнительно:%1%36%36%
Хозяйство  пути и сооружений%РАБОЧИЕ%Дефектоскопист по  магнитному  и ультразвуковому контролю%Валенки (сапоги валяные)%по поясам%При работе в неотапливаемых помещенияхна наружных работах зимой дополнительно:в III, IV и особом поясах  %1%12%12%
Хозяйство  пути и сооружений%РАБОЧИЕ%Дефектоскопист по  магнитному  и ультразвуковому контролю%Галоши на валенки (сапоги валяные)%1 пара на 2 года%При работе в неотапливаемых помещенияхна наружных работах зимой дополнительно:%1%24%24%
Хозяйство  пути и сооружений%РАБОЧИЕ%Дефектоскопист по  магнитному  и ультразвуковому контролю%Костюм для защиты от общих производственных загрязнений и механических воздействий%1 на 9 месяцев%%1%9%9%
Хозяйство  пути и сооружений%РАБОЧИЕ%Дефектоскопист по  магнитному  и ультразвуковому контролю%Ботинки юфтевые на маслобензостойкой подошве%1 пара%%1%12%12%
Хозяйство  пути и сооружений%РАБОЧИЕ%Дефектоскопист по  магнитному  и ультразвуковому контролю%Фартук из хлопчатобумажной ткани с водоотталкивающей пропиткой%2%%2%12%24%
Хозяйство  пути и сооружений%РАБОЧИЕ%Дефектоскопист по  магнитному  и ультразвуковому контролю%Перчатки комбинированные%12 пар%%12%1%12%
Хозяйство  пути и сооружений%РАБОЧИЕ%Дефектоскопист по  магнитному  и ультразвуковому контролю%Перчатки с полимерным покрытием%12 пар%%12%1%12%
Хозяйство  пути и сооружений%РАБОЧИЕ%Дефектоскопист по  магнитному  и ультразвуковому контролю%Очки защитные открытые%до износа%%1%0%0%
Хозяйство  пути и сооружений%РАБОЧИЕ%Дефектоскопист по  магнитному  и ультразвуковому контролю%Щиток защитный лицевой%до износа%%1%0%0%
Хозяйство  пути и сооружений%РАБОЧИЕ%Дефектоскопист по  магнитному  и ультразвуковому контролю%Респиратор противоаэрозольный%до износа%%1%0%0%
%%%%%%%%0%
Хозяйство  пути и сооружений%РАБОЧИЕ%Испытатель двигателей%Костюм для защиты от общих производственных загрязнений и механических воздействий%1%%1%12%12%
Хозяйство  пути и сооружений%РАБОЧИЕ%Испытатель двигателей%Комбинезон для защиты от общих производственных загрязнений и механических воздействий%1%%1%12%12%
Хозяйство  пути и сооружений%РАБОЧИЕ%Испытатель двигателей%Халат хлопчатобумажный%1%%1%12%12%
Хозяйство  пути и сооружений%РАБОЧИЕ%Испытатель двигателей%Ботинки юфтевые на полиуретановой подошве%1 пара%%1%12%12%
Хозяйство  пути и сооружений%РАБОЧИЕ%Испытатель двигателей%Перчатки комбинированные%12 пар%%12%1%12%
Хозяйство  пути и сооружений%РАБОЧИЕ%Испытатель двигателей%Перчатки с полимерным покрытием%12 пар%%12%1%12%
Хозяйство  пути и сооружений%РАБОЧИЕ%Испытатель двигателей%Наушники противошумные%до износа%%1%0%0%
Хозяйство  пути и сооружений%РАБОЧИЕ%Испытатель двигателей%Очки защитные открытые%до износа%%1%0%0%
%%%%%%%%0%
Хозяйство  пути и сооружений%РАБОЧИЕ%Кастелянша %Халат хлопчатобумажный%1%%1%12%12%
Хозяйство  пути и сооружений%РАБОЧИЕ%Кастелянша %Полуботинки с хромовым верхом на полиуретановой подошве%1 пара%%1%12%12%
Хозяйство  пути и сооружений%РАБОЧИЕ%Кастелянша %Перчатки резиновые%2 пары%%2%6%12%
Хозяйство  пути и сооружений%РАБОЧИЕ%Кастелянша %Перчатки из полимерных материалов% 2 пары%%2%6%12%
%%%%%%%%0%
Хозяйство  пути и сооружений%РАБОЧИЕ%Комплектовщик изделий и инструмента%Костюм «Механик-Л»  %1%При выполнении работ по сортировке и комплектовке рельсов под сварку:%1%12%12%
Хозяйство  пути и сооружений%РАБОЧИЕ%Комплектовщик изделий и инструмента%Ботинки юфтевые на маслобензостойкой подошвес металлическим подноском%1 пара%При выполнении работ по сортировке и комплектовке рельсов под сварку:%1%12%12%
Хозяйство  пути и сооружений%РАБОЧИЕ%Комплектовщик изделий и инструмента%Головной убор сигнальный %1%При выполнении работ по сортировке и комплектовке рельсов под сварку:%1%12%12%
Хозяйство  пути и сооружений%РАБОЧИЕ%Комплектовщик изделий и инструмента%Перчатки с полимерным покрытием%6 пар%При выполнении работ по сортировке и комплектовке рельсов под сварку:%6%2%12%
Хозяйство  пути и сооружений%РАБОЧИЕ%Комплектовщик изделий и инструмента%Перчатки трикотажные%6 пар%При выполнении работ по сортировке и комплектовке рельсов под сварку:%6%2%12%
Хозяйство  пути и сооружений%РАБОЧИЕ%Комплектовщик изделий и инструмента%Костюм для защиты от пониженных температур «Механик»%по поясам%Зимой дополнительно:%1%36%36%
Хозяйство  пути и сооружений%РАБОЧИЕ%Комплектовщик изделий и инструмента%Шапка-ушанка со звукопроводными вставками%по поясам%Зимой дополнительно:%1%24%24%
Хозяйство  пути и сооружений%РАБОЧИЕ%Комплектовщик изделий и инструмента%Перчатки утепленные%по поясам%Зимой дополнительно:%1%6%6%
Хозяйство  пути и сооружений%РАБОЧИЕ%Комплектовщик изделий и инструмента%Перчатки утепленные с защитным покрытием, нефтеморозостойкие%по поясам%Зимой дополнительно:%1%6%6%
Хозяйство  пути и сооружений%РАБОЧИЕ%Комплектовщик изделий и инструмента%Сапоги юфтевые утепленные на нефтеморозостойкой подошве в I и II поясах%по поясам%Зимой дополнительно:%1%12%12%
Хозяйство  пути и сооружений%РАБОЧИЕ%Комплектовщик изделий и инструмента%Сапоги кожаные утепленные «СЕВЕР ЖД» в III, IV и особом поясах%  по поясам%Зимой дополнительно:%1%36%36%
Хозяйство  пути и сооружений%РАБОЧИЕ%Комплектовщик изделий и инструмента%Валенки (сапоги валяные)%по поясам%Зимой дополнительно:в III, IV и особом поясах  %1%12%12%
Хозяйство  пути и сооружений%РАБОЧИЕ%Комплектовщик изделий и инструмента%Галоши на валенки (сапоги валяные)%1 пара на 2 года%Зимой дополнительно:%1%24%24%
%%%%%%%%0%
Хозяйство  пути и сооружений%РАБОЧИЕ%Кондуктор грузовых поездов; кондуктор главный грузовых поездов%Комплект «Движенец-Л»%1%%1%12%12%
Хозяйство  пути и сооружений%РАБОЧИЕ%Кондуктор грузовых поездов; кондуктор главный грузовых поездов%Комплект для защиты от воды %1 на 3 года%%1%36%36%
Хозяйство  пути и сооружений%РАБОЧИЕ%Кондуктор грузовых поездов; кондуктор главный грузовых поездов%Ботинки юфтевые на маслобензостойкой подошве%1 пара%%1%12%12%
Хозяйство  пути и сооружений%РАБОЧИЕ%Кондуктор грузовых поездов; кондуктор главный грузовых поездов%Перчатки комбинированные%12 пар%%12%1%12%
Хозяйство  пути и сооружений%РАБОЧИЕ%Кондуктор грузовых поездов; кондуктор главный грузовых поездов%Перчатки с полимерным покрытием%12 пар%%12%1%12%
Хозяйство  пути и сооружений%РАБОЧИЕ%Кондуктор грузовых поездов; кондуктор главный грузовых поездов%Очки защитные открытые%до износа%%%%0%
Хозяйство  пути и сооружений%РАБОЧИЕ%Кондуктор грузовых поездов; кондуктор главный грузовых поездов%Жилет сигнальный 2 класса защиты%2%%2%6%12%
Хозяйство  пути и сооружений%РАБОЧИЕ%Кондуктор грузовых поездов; кондуктор главный грузовых поездов%Комплект для защиты от пониженных температур «Движенец»%по поясам%Зимой дополнительно:%%%0%
Хозяйство  пути и сооружений%РАБОЧИЕ%Кондуктор грузовых поездов; кондуктор главный грузовых поездов%Полушубок%по поясам%Зимой дополнительно:%1%60%60%
Хозяйство  пути и сооружений%РАБОЧИЕ%Кондуктор грузовых поездов; кондуктор главный грузовых поездов%Полупальто на меховой подкладке%по поясам%Зимой дополнительно:%1%60%60%
Хозяйство  пути и сооружений%РАБОЧИЕ%Кондуктор грузовых поездов; кондуктор главный грузовых поездов%Куртка на меховой подкладке%по поясам%Зимой дополнительно:%1%60%60%
Хозяйство  пути и сооружений%РАБОЧИЕ%Кондуктор грузовых поездов; кондуктор главный грузовых поездов%Шапка-ушанка со звукопроводными вставками%по поясам%Зимой дополнительно:%1%24%24%
Хозяйство  пути и сооружений%РАБОЧИЕ%Кондуктор грузовых поездов; кондуктор главный грузовых поездов%Рукавицы утепленные%по поясам%Зимой дополнительно:%1%6%6%
Хозяйство  пути и сооружений%РАБОЧИЕ%Кондуктор грузовых поездов; кондуктор главный грузовых поездов%Перчатки утепленные%по поясам%Зимой дополнительно:%1%6%6%
Хозяйство  пути и сооружений%РАБОЧИЕ%Кондуктор грузовых поездов; кондуктор главный грузовых поездов%Сапоги юфтевые утепленные на нефтеморозостойкой подошве в I и II поясах%по поясам%Зимой дополнительно:%1%12%12%
Хозяйство  пути и сооружений%РАБОЧИЕ%Кондуктор грузовых поездов; кондуктор главный грузовых поездов%Сапоги кожаные утепленные «СЕВЕР ЖД» в III, IV и особом поясах%  по поясам%Зимой дополнительно:%1%36%36%
Хозяйство  пути и сооружений%РАБОЧИЕ%Кондуктор грузовых поездов; кондуктор главный грузовых поездов%Валенки (сапоги валяные)%по поясам%Зимой дополнительно:в III, IV и особом поясах  %1%12%12%
Хозяйство  пути и сооружений%РАБОЧИЕ%Кондуктор грузовых поездов; кондуктор главный грузовых поездов%Галоши на валенки (сапоги валяные)% 1 пара на 2 года%Зимой дополнительно:%1%24%24%
%%%%%%%%0%
Хозяйство  пути и сооружений%РАБОЧИЕ%Контролер материалов, металлов, полуфабрикатов и изделий%Халат хлопчатобумажный%1%%1%12%12%
Хозяйство  пути и сооружений%РАБОЧИЕ%Контролер материалов, металлов, полуфабрикатов и изделий%Костюм для защиты от общих производственных загрязнений и механических воздействий%1%%1%12%12%
Хозяйство  пути и сооружений%РАБОЧИЕ%Контролер материалов, металлов, полуфабрикатов и изделий%Ботинки юфтевые на полиуретановой подошве%1 пара%%1%12%12%
Хозяйство  пути и сооружений%РАБОЧИЕ%Контролер материалов, металлов, полуфабрикатов и изделий%ПолуБотинки юфтевые на полиуретановой подошве %1 пара%%1%12%12%
Хозяйство  пути и сооружений%РАБОЧИЕ%Контролер материалов, металлов, полуфабрикатов и изделий%Перчатки резиновые%до износа%%1%0%0%
Хозяйство  пути и сооружений%РАБОЧИЕ%Контролер материалов, металлов, полуфабрикатов и изделий%Перчатки из полимерных материалов %до износа%%1%0%0%
%%%%%%%%0%
Хозяйство  пути и сооружений%РАБОЧИЕ%Маляр %Комплект «Маляр-Л» %1 на 9 месяцев%%1%9%9%
Хозяйство  пути и сооружений%РАБОЧИЕ%Маляр %Ботинки юфтевые на маслобензостойкой подошве%1 пара %%1%9%9%
Хозяйство  пути и сооружений%РАБОЧИЕ%Маляр %Перчатки с полимерным покрытием%12 пар%%12%1%12%
Хозяйство  пути и сооружений%РАБОЧИЕ%Маляр %Респиратор противогазоаэрозольный%до износа%%1%0%0%
Хозяйство  пути и сооружений%РАБОЧИЕ%Маляр %Полумаска со сменными противогазоаэрозольными фильтрами%до износа%%1%0%0%
Хозяйство  пути и сооружений%РАБОЧИЕ%Маляр %Очки защитные закрытые%до износа%%1%0%0%
Хозяйство  пути и сооружений%РАБОЧИЕ%Маляр %Щиток защитный лицевой%до износа%%1%0%0%
Хозяйство  пути и сооружений%РАБОЧИЕ%Маляр %Перчатки резиновые%12 пар%%12%1%12%
Хозяйство  пути и сооружений%РАБОЧИЕ%Маляр %Перчатки из полимерных материалов%12 пар%%12%1%12%
Хозяйство  пути и сооружений%РАБОЧИЕ%Маляр %Перчатки резиновые на трикотажной основе%12 пар%%12%1%12%
Хозяйство  пути и сооружений%РАБОЧИЕ%Маляр %Нарукавники прорезиненные%4 пары%%4%3%12%
Хозяйство  пути и сооружений%РАБОЧИЕ%Маляр %Пояс предохранительный% дежурный%При выполнении работ  на кровле и металлоконструкциях дополнительно:%1%0%0%
Хозяйство  пути и сооружений%РАБОЧИЕ%Маляр %Каска защитная%1 на 2 года%При выполнении работ  на кровле и металлоконструкциях дополнительно:%1%24%24%
Хозяйство  пути и сооружений%РАБОЧИЕ%Маляр %Галоши валяные%дежурные%При выполнении работ  на кровле и металлоконструкциях дополнительно:%1%0%0%
Хозяйство  пути и сооружений%РАБОЧИЕ%Маляр %Костюм для защиты от пониженных температур «Механизатор»%по поясам%При работе в неотапливаемых помещенияхна наружных работах зимой дополнительно:%1%36%36%
Хозяйство  пути и сооружений%РАБОЧИЕ%Маляр %Костюм для защиты от пониженных температур «Приемосдатчик»  %по поясам%При работе в неотапливаемых помещенияхна наружных работах зимой дополнительно:%1%36%36%
Хозяйство  пути и сооружений%РАБОЧИЕ%Маляр %Подшлемник для защиты от пониженных температур со звукопроводными вставками%%При работе в неотапливаемых помещенияхна наружных работах зимой дополнительно:%1%24%24%
Хозяйство  пути и сооружений%РАБОЧИЕ%Маляр %Шапка-ушанка со звукопроводными вставками%по поясам%При работе в неотапливаемых помещенияхна наружных работах зимой дополнительно:%1%24%24%
Хозяйство  пути и сооружений%РАБОЧИЕ%Маляр %Cапоги утепленные юфтевые на нефтеморозостойкой подошве%по поясам%При работе в неотапливаемых помещенияхна наружных работах зимой дополнительно:%1%12%12%
Хозяйство  пути и сооружений%РАБОЧИЕ%Маляр %Валенки (сапоги валяные) с резиновым низом %по поясам%При работе в неотапливаемых помещенияхна наружных работах зимой дополнительно:%1%12%12%
%%%%%%%%0%
Хозяйство  пути и сооружений%РАБОЧИЕ%Машинист железнодорожно-строительных машин; помощник машиниста железнодорожно-строительных машин; наладчик железнодорожно-строительных машин и механизмов; наладчик железнодорожно-строительных машин и механизмов; слесарь по ремонту путевых машин и механизмов%Костюм «Механик-Л»%  1 на  9 месяцев%%1%9%9%
Хозяйство  пути и сооружений%РАБОЧИЕ%Машинист железнодорожно-строительных машин; помощник машиниста железнодорожно-строительных машин; наладчик железнодорожно-строительных машин и механизмов; наладчик железнодорожно-строительных машин и механизмов; слесарь по ремонту путевых машин и механизмов%Ботинки юфтевые на маслобензостойкой подошве%1 пара%%1%12%12%
Хозяйство  пути и сооружений%РАБОЧИЕ%Машинист железнодорожно-строительных машин; помощник машиниста железнодорожно-строительных машин; наладчик железнодорожно-строительных машин и механизмов; наладчик железнодорожно-строительных машин и механизмов; слесарь по ремонту путевых машин и механизмов%Cапоги юфтевые на маслобензостойкой подошве%1 пара%%1%12%12%
Хозяйство  пути и сооружений%РАБОЧИЕ%Машинист железнодорожно-строительных машин; помощник машиниста железнодорожно-строительных машин; наладчик железнодорожно-строительных машин и механизмов; наладчик железнодорожно-строительных машин и механизмов; слесарь по ремонту путевых машин и механизмов%Плащ  для защиты от воды%1 на 3 года%%1%36%36%
Хозяйство  пути и сооружений%РАБОЧИЕ%Машинист железнодорожно-строительных машин; помощник машиниста железнодорожно-строительных машин; наладчик железнодорожно-строительных машин и механизмов; наладчик железнодорожно-строительных машин и механизмов; слесарь по ремонту путевых машин и механизмов%Перчатки комбинированные%12 пар%%12%1%12%
Хозяйство  пути и сооружений%РАБОЧИЕ%Машинист железнодорожно-строительных машин; помощник машиниста железнодорожно-строительных машин; наладчик железнодорожно-строительных машин и механизмов; наладчик железнодорожно-строительных машин и механизмов; слесарь по ремонту путевых машин и механизмов%Перчатки с полимерным покрытием%12 пар%%12%1%12%
Хозяйство  пути и сооружений%РАБОЧИЕ%Машинист железнодорожно-строительных машин; помощник машиниста железнодорожно-строительных машин; наладчик железнодорожно-строительных машин и механизмов; наладчик железнодорожно-строительных машин и механизмов; слесарь по ремонту путевых машин и механизмов%Перчатки диэлектрические %дежурные%%%%0%
Хозяйство  пути и сооружений%РАБОЧИЕ%Машинист железнодорожно-строительных машин; помощник машиниста железнодорожно-строительных машин; наладчик железнодорожно-строительных машин и механизмов; наладчик железнодорожно-строительных машин и механизмов; слесарь по ремонту путевых машин и механизмов%Боты диэлектрические%дежурные%%%%0%
Хозяйство  пути и сооружений%РАБОЧИЕ%Машинист железнодорожно-строительных машин; помощник машиниста железнодорожно-строительных машин; наладчик железнодорожно-строительных машин и механизмов; наладчик железнодорожно-строительных машин и механизмов; слесарь по ремонту путевых машин и механизмов%Очки защитные открытые%до износа%%1%0%0%
Хозяйство  пути и сооружений%РАБОЧИЕ%Машинист железнодорожно-строительных машин; помощник машиниста железнодорожно-строительных машин; наладчик железнодорожно-строительных машин и механизмов; наладчик железнодорожно-строительных машин и механизмов; слесарь по ремонту путевых машин и механизмов%Наушники противошумные%до износа%%1%0%0%
Хозяйство  пути и сооружений%РАБОЧИЕ%Машинист железнодорожно-строительных машин; помощник машиниста железнодорожно-строительных машин; наладчик железнодорожно-строительных машин и механизмов; наладчик железнодорожно-строительных машин и механизмов; слесарь по ремонту путевых машин и механизмов%Нарукавники из полимерных материалов%до износа%%1%0%0%
Хозяйство  пути и сооружений%РАБОЧИЕ%Машинист железнодорожно-строительных машин; помощник машиниста железнодорожно-строительных машин; наладчик железнодорожно-строительных машин и механизмов; наладчик железнодорожно-строительных машин и механизмов; слесарь по ремонту путевых машин и механизмов%Жилет сигнальный 2 класса защиты%2%%2%6%12%
Хозяйство  пути и сооружений%РАБОЧИЕ%Машинист железнодорожно-строительных машин; помощник машиниста железнодорожно-строительных машин; наладчик железнодорожно-строительных машин и механизмов; наладчик железнодорожно-строительных машин и механизмов; слесарь по ремонту путевых машин и механизмов%Костюм для защиты от пониженных температур «Механик»%по поясам%Зимой дополнительно:Зимой дополнительно:%1%36%36%
Хозяйство  пути и сооружений%РАБОЧИЕ%Машинист железнодорожно-строительных машин; помощник машиниста железнодорожно-строительных машин; наладчик железнодорожно-строительных машин и механизмов; наладчик железнодорожно-строительных машин и механизмов; слесарь по ремонту путевых машин и механизмов%Шапка-ушанка со звукопроводными вставками%по поясам%Зимой дополнительно:Зимой дополнительно:%1%24%24%
Хозяйство  пути и сооружений%РАБОЧИЕ%Машинист железнодорожно-строительных машин; помощник машиниста железнодорожно-строительных машин; наладчик железнодорожно-строительных машин и механизмов; наладчик железнодорожно-строительных машин и механизмов; слесарь по ремонту путевых машин и механизмов%Рукавицы утепленные%по поясам%Зимой дополнительно:Зимой дополнительно:%1%6%6%
Хозяйство  пути и сооружений%РАБОЧИЕ%Машинист железнодорожно-строительных машин; помощник машиниста железнодорожно-строительных машин; наладчик железнодорожно-строительных машин и механизмов; наладчик железнодорожно-строительных машин и механизмов; слесарь по ремонту путевых машин и механизмов%Перчатки утепленные%по поясам%Зимой дополнительно:Зимой дополнительно:%1%6%6%
Хозяйство  пути и сооружений%РАБОЧИЕ%Машинист железнодорожно-строительных машин; помощник машиниста железнодорожно-строительных машин; наладчик железнодорожно-строительных машин и механизмов; наладчик железнодорожно-строительных машин и механизмов; слесарь по ремонту путевых машин и механизмов%Перчатки утепленные с защитным покрытием, нефтеморозостойкие%по поясам%Зимой дополнительно:Зимой дополнительно:%1%1%1%
Хозяйство  пути и сооружений%РАБОЧИЕ%Машинист железнодорожно-строительных машин; помощник машиниста железнодорожно-строительных машин; наладчик железнодорожно-строительных машин и механизмов; наладчик железнодорожно-строительных машин и механизмов; слесарь по ремонту путевых машин и механизмов%Cапоги утепленные юфтевые на нефтеморозостойкой подошвев I и II поясах  %по поясам%Зимой дополнительно:Зимой дополнительно:%1%12%12%
Хозяйство  пути и сооружений%РАБОЧИЕ%Машинист железнодорожно-строительных машин; помощник машиниста железнодорожно-строительных машин; наладчик железнодорожно-строительных машин и механизмов; наладчик железнодорожно-строительных машин и механизмов; слесарь по ремонту путевых машин и механизмов%Сапоги кожаные утепленные «СЕВЕР ЖД» в III, IV и особом поясах %%Зимой дополнительно:Зимой дополнительно:%1%36%36%
Хозяйство  пути и сооружений%РАБОЧИЕ%Машинист железнодорожно-строительных машин; помощник машиниста железнодорожно-строительных машин; наладчик железнодорожно-строительных машин и механизмов; наладчик железнодорожно-строительных машин и механизмов; слесарь по ремонту путевых машин и механизмов%Валенки (сапоги валяные) с резиновым низомв III, IV и особом поясах %по поясам%Зимой дополнительно:Зимой дополнительно:в III, IV и особом поясах  %1%12%12%
Хозяйство  пути и сооружений%РАБОЧИЕ%Машинист железнодорожно-строительных машин; помощник машиниста железнодорожно-строительных машин; наладчик железнодорожно-строительных машин и механизмов; наладчик железнодорожно-строительных машин и механизмов; слесарь по ремонту путевых машин и механизмов%Каска защитная%1 на 2 года%При выполнении работ по обслуживанию снегоземлеуборочных, звеносборочных машин дополнительно:%1%24%24%
Хозяйство  пути и сооружений%РАБОЧИЕ%Машинист железнодорожно-строительных машин; помощник машиниста железнодорожно-строительных машин; наладчик железнодорожно-строительных машин и механизмов; наладчик железнодорожно-строительных машин и механизмов; слесарь по ремонту путевых машин и механизмов%Подшлемник для защиты от пониженных температур со звукопроводными вставками%%При выполнении работ по обслуживанию снегоземлеуборочных, звеносборочных машин дополнительно:%1%24%24%
Хозяйство  пути и сооружений%РАБОЧИЕ%Машинист железнодорожно-строительных машин; помощник машиниста железнодорожно-строительных машин; наладчик железнодорожно-строительных машин и механизмов; наладчик железнодорожно-строительных машин и механизмов; слесарь по ремонту путевых машин и механизмов%Наушники противошумные%до износа%При выполнении работ на шпалоподбивочной машине дополнительно:%1%0%0%
Хозяйство  пути и сооружений%РАБОЧИЕ%Машинист железнодорожно-строительных машин; помощник машиниста железнодорожно-строительных машин; наладчик железнодорожно-строительных машин и механизмов; наладчик железнодорожно-строительных машин и механизмов; слесарь по ремонту путевых машин и механизмов%Полушубок%по поясам%ашинисту железнодорожно-строительных машин, помощнику машиниста железнодорожно-строительных машин, занятым управлением снегоуборочными машинами, снегоочистителями, стругами при очистке путей от снега, дополнительно:%1%60%60%
Хозяйство  пути и сооружений%РАБОЧИЕ%Машинист железнодорожно-строительных машин; помощник машиниста железнодорожно-строительных машин; наладчик железнодорожно-строительных машин и механизмов; наладчик железнодорожно-строительных машин и механизмов; слесарь по ремонту путевых машин и механизмов%Полупальто на меховой подкладке%по поясам%ашинисту железнодорожно-строительных машин, помощнику машиниста железнодорожно-строительных машин, занятым управлением снегоуборочными машинами, снегоочистителями, стругами при очистке путей от снега, дополнительно:%1%60%60%
Хозяйство  пути и сооружений%РАБОЧИЕ%Машинист железнодорожно-строительных машин; помощник машиниста железнодорожно-строительных машин; наладчик железнодорожно-строительных машин и механизмов; наладчик железнодорожно-строительных машин и механизмов; слесарь по ремонту путевых машин и механизмов%Куртка на меховой подкладке%по поясам%ашинисту железнодорожно-строительных машин, помощнику машиниста железнодорожно-строительных машин, занятым управлением снегоуборочными машинами, снегоочистителями, стругами при очистке путей от снега, дополнительно:%1%60%60%
%%%%%%%%0%
Хозяйство  пути и сооружений%РАБОЧИЕ%Машинист насосных установок%Костюм «Механик-Л»%1%%1%12%12%
Хозяйство  пути и сооружений%РАБОЧИЕ%Машинист насосных установок%Комбинезон для защиты от общих производственных загрязнений и механических воздействий%1%%1%12%12%
Хозяйство  пути и сооружений%РАБОЧИЕ%Машинист насосных установок%Сапоги юфтевые на маслобензостойкой подошве%1 пара%%1%12%12%
Хозяйство  пути и сооружений%РАБОЧИЕ%Машинист насосных установок%Ботинки юфтевые на маслобензостойкой подошве%1 пара%%1%12%12%
Хозяйство  пути и сооружений%РАБОЧИЕ%Машинист насосных установок%Боты диэлектрические%дежурные%%1%0%0%
Хозяйство  пути и сооружений%РАБОЧИЕ%Машинист насосных установок%Перчатки диэлектрические %дежурные%%1%0%0%
Хозяйство  пути и сооружений%РАБОЧИЕ%Машинист насосных установок%Перчатки с полимерным покрытием%12 пар%%12%1%12%
Хозяйство  пути и сооружений%РАБОЧИЕ%Машинист насосных установок%Нарукавники из полимерных материалов%до износа%%1%0%0%
Хозяйство  пути и сооружений%РАБОЧИЕ%Машинист насосных установок%Очки защитные открытые%до износа%%1%0%0%
Хозяйство  пути и сооружений%РАБОЧИЕ%Машинист насосных установок%Костюм для защиты от пониженных температур «Механик»%по поясам%При работе в неотапливаемых помещенияхна наружных работах зимой дополнительно:%1%36%36%
Хозяйство  пути и сооружений%РАБОЧИЕ%Машинист насосных установок%Шапка-ушанка со звукопроводными вставками%по поясам%При работе в неотапливаемых помещенияхна наружных работах зимой дополнительно:%1%24%24%
Хозяйство  пути и сооружений%РАБОЧИЕ%Машинист насосных установок%Перчатки утепленные%по поясам%При работе в неотапливаемых помещенияхна наружных работах зимой дополнительно:%1%6%6%
Хозяйство  пути и сооружений%РАБОЧИЕ%Машинист насосных установок%Перчатки утепленные с защитным покрытием, нефтеморозостойкие%по поясам%При работе в неотапливаемых помещенияхна наружных работах зимой дополнительно:%1%1%1%
Хозяйство  пути и сооружений%РАБОЧИЕ%Машинист насосных установок%Сапоги  утепленные из поливинилхлоридного пластиката и влагостойкой ткани%%При работе в неотапливаемых помещенияхна наружных работах зимой дополнительно:%1%24%24%
Хозяйство  пути и сооружений%РАБОЧИЕ%Машинист насосных установок%Cапоги утепленные юфтевые на нефтеморозостойкой подошве% по поясам%При работе в неотапливаемых помещенияхна наружных работах зимой дополнительно:%1%12%12%
Хозяйство  пути и сооружений%РАБОЧИЕ%Машинист насосных установок%Валенки (сапоги валяные) с резиновым низом%по поясам%При работе в неотапливаемых помещенияхна наружных работах зимой дополнительно:%1%12%12%
%%%%%%%%0%
Хозяйство  пути и сооружений%РАБОЧИЕ%Машинист тепловоза; машинист электровоза%Костюм «Механик-Л»%1%%1%12%12%
Хозяйство  пути и сооружений%РАБОЧИЕ%Машинист тепловоза; машинист электровоза%Ботинки юфтевые на полиуретановой подошве%1 пара%%1%12%12%
Хозяйство  пути и сооружений%РАБОЧИЕ%Машинист тепловоза; машинист электровоза%Сапоги юфтевые на  полиуретановой подошве%1 пара%%1%12%12%
Хозяйство  пути и сооружений%РАБОЧИЕ%Машинист тепловоза; машинист электровоза%Головной убор сигнальный%1%%1%12%12%
Хозяйство  пути и сооружений%РАБОЧИЕ%Машинист тепловоза; машинист электровоза%Перчатки комбинированные%12 пар%%12%1%12%
Хозяйство  пути и сооружений%РАБОЧИЕ%Машинист тепловоза; машинист электровоза%Перчатки с полимерным покрытием%12 пар%%12%1%12%
Хозяйство  пути и сооружений%РАБОЧИЕ%Машинист тепловоза; машинист электровоза%Очки защитные открытые%до износа%%1%0%0%
Хозяйство  пути и сооружений%РАБОЧИЕ%Машинист тепловоза; машинист электровоза%Щиток защитный лицевой%до износа%%1%0%0%
Хозяйство  пути и сооружений%РАБОЧИЕ%Машинист тепловоза; машинист электровоза%Наушники противошумные%до износа%%1%0%0%
Хозяйство  пути и сооружений%РАБОЧИЕ%Машинист тепловоза; машинист электровоза%Нарукавники из полимерных материалов%до износа%%1%0%0%
Хозяйство  пути и сооружений%РАБОЧИЕ%Машинист тепловоза; машинист электровоза%Жилет сигнальный 2 класса защиты%2%%2%6%12%
Хозяйство  пути и сооружений%РАБОЧИЕ%Машинист тепловоза; машинист электровоза%Каска защитнаяукомплектованная  фонарем шахтерским%1 на 2 года%При выполнении работ на тоннельных участка дополнительно: %1%12%12%
Хозяйство  пути и сооружений%РАБОЧИЕ%Машинист тепловоза; машинист электровоза%Сапоги резиновые%1 пара%При выполнении работ на тоннельных участка дополнительно: %1%12%12%
Хозяйство  пути и сооружений%РАБОЧИЕ%Машинист тепловоза; машинист электровоза%Сапоги резиновыерыбацкие%1 пара%При выполнении работ на тоннельных участка дополнительно: %1%12%12%
Хозяйство  пути и сооружений%РАБОЧИЕ%Машинист тепловоза; машинист электровоза%Респиратор противогазоаэрозольный%до износа%При выполнении работ на тоннельных участка дополнительно: %1%0%0%
Хозяйство  пути и сооружений%РАБОЧИЕ%Машинист тепловоза; машинист электровоза%Перчатки резиновые%до износа%При выполнении работ на тоннельных участка дополнительно: %1%0%0%
Хозяйство  пути и сооружений%РАБОЧИЕ%Машинист тепловоза; машинист электровоза%Перчатки из полимерных материалов% до износа%При выполнении работ на тоннельных участка дополнительно: %1%0%0%
Хозяйство  пути и сооружений%РАБОЧИЕ%Машинист тепловоза; машинист электровоза%Противогаз фильтрующий%дежурный%При выполнении работ на тоннельных участка дополнительно: %1%0%0%
Хозяйство  пути и сооружений%РАБОЧИЕ%Машинист тепловоза; машинист электровоза%Комплект для защиты от пониженных температур «Локомотив» %по поясам%Зимой дополнительно:%1%36%36%
Хозяйство  пути и сооружений%РАБОЧИЕ%Машинист тепловоза; машинист электровоза%Шапка-ушанка со звукопроводными вставками%по поясам%Зимой дополнительно:%1%24%24%
Хозяйство  пути и сооружений%РАБОЧИЕ%Машинист тепловоза; машинист электровоза%Шапка трикотажная%1 на 2 года%Зимой дополнительно:%1%24%24%
Хозяйство  пути и сооружений%РАБОЧИЕ%Машинист тепловоза; машинист электровоза%Рукавицы утепленные%по поясам%Зимой дополнительно:%1%6%6%
Хозяйство  пути и сооружений%РАБОЧИЕ%Машинист тепловоза; машинист электровоза%Перчатки утепленные%по поясам%Зимой дополнительно:%1%6%6%
Хозяйство  пути и сооружений%РАБОЧИЕ%Машинист тепловоза; машинист электровоза%Перчатки утепленные с защитным покрытием, нефтеморозостойкие%по поясам%Зимой дополнительно:%1%6%6%
Хозяйство  пути и сооружений%РАБОЧИЕ%Машинист тепловоза; машинист электровоза%Сапоги юфтевые утепленные на нефтеморозостойкой подошве%по поясам%Зимой дополнительно:%1%12%12%
Хозяйство  пути и сооружений%РАБОЧИЕ%Машинист тепловоза; машинист электровоза%Сапоги утепленные из поливинилхлоридного пластиката и влагостойкой ткани%по поясам%Зимой дополнительно:%1%24%24%
Хозяйство  пути и сооружений%РАБОЧИЕ%Машинист тепловоза; машинист электровоза%Валенки (сапоги валяные) с резиновым низом %по поясам%Зимой дополнительно:%1%12%12%
Хозяйство  пути и сооружений%РАБОЧИЕ%Машинист тепловоза; машинист электровоза%Полушубок%по поясам%В  III, IV и особом поясах дополнительно:%1%60%60%
Хозяйство  пути и сооружений%РАБОЧИЕ%Машинист тепловоза; машинист электровоза%Полупальто на меховой подкладке%по поясам%В  III, IV и особом поясах дополнительно:%1%60%60%
Хозяйство  пути и сооружений%РАБОЧИЕ%Машинист тепловоза; машинист электровоза%Куртка на меховой подкладке%по поясам%В  III, IV и особом поясах дополнительно:%1%60%60%
Хозяйство  пути и сооружений%РАБОЧИЕ%Машинист тепловоза; машинист электровоза%Сапоги кожаные утепленные «СЕВЕР ЖД»%по поясам%В  III, IV и особом поясах дополнительно:%1%36%36%
Хозяйство  пути и сооружений%РАБОЧИЕ%Машинист тепловоза; машинист электровоза%Подшлемник для защиты от пониженных температур со звукопроводными вставками%по поясам%При выполнении  работ  на  тоннельных участках дополнительно:%1%24%24%
Хозяйство  пути и сооружений%РАБОЧИЕ%Машинист тепловоза; машинист электровоза%Свитер полушерстяной%1%При выполнении  работ  на  тоннельных участках дополнительно:%1%12%12%
%%%%%%%%0%
Хозяйство  пути и сооружений%РАБОЧИЕ%Машинист электросварочного передвижного агрегата с двигателем внутреннего сгорания; машинист электростанции передвижной%Костюм «Механик-Л» %1 на 9 месяцев%%1%9%9%
Хозяйство  пути и сооружений%РАБОЧИЕ%Машинист электросварочного передвижного агрегата с двигателем внутреннего сгорания; машинист электростанции передвижной%Ботинки юфтевые на маслобензостойкой подошве%1 пара%%1%12%12%
Хозяйство  пути и сооружений%РАБОЧИЕ%Машинист электросварочного передвижного агрегата с двигателем внутреннего сгорания; машинист электростанции передвижной%Cапоги юфтевые на маслобензостойкой подошве%1 пара%%1%12%12%
Хозяйство  пути и сооружений%РАБОЧИЕ%Машинист электросварочного передвижного агрегата с двигателем внутреннего сгорания; машинист электростанции передвижной%Плащ  для защиты от воды%1 на 3 года%%1%36%36%
Хозяйство  пути и сооружений%РАБОЧИЕ%Машинист электросварочного передвижного агрегата с двигателем внутреннего сгорания; машинист электростанции передвижной%Перчатки комбинированные%12 пар%%12%1%12%
Хозяйство  пути и сооружений%РАБОЧИЕ%Машинист электросварочного передвижного агрегата с двигателем внутреннего сгорания; машинист электростанции передвижной%Перчатки с полимерным покрытием%12 пар%%12%1%12%
Хозяйство  пути и сооружений%РАБОЧИЕ%Машинист электросварочного передвижного агрегата с двигателем внутреннего сгорания; машинист электростанции передвижной%Перчатки диэлектрические %дежурные%%1%0%0%
Хозяйство  пути и сооружений%РАБОЧИЕ%Машинист электросварочного передвижного агрегата с двигателем внутреннего сгорания; машинист электростанции передвижной%Боты диэлектрические%дежурные%%1%0%0%
Хозяйство  пути и сооружений%РАБОЧИЕ%Машинист электросварочного передвижного агрегата с двигателем внутреннего сгорания; машинист электростанции передвижной%Очки защитные открытые%до износа%%1%0%0%
Хозяйство  пути и сооружений%РАБОЧИЕ%Машинист электросварочного передвижного агрегата с двигателем внутреннего сгорания; машинист электростанции передвижной%ПолуМаска со сменными противогазовыми фильтрами%до износа%%1%0%0%
Хозяйство  пути и сооружений%РАБОЧИЕ%Машинист электросварочного передвижного агрегата с двигателем внутреннего сгорания; машинист электростанции передвижной%Маска со сменными противогазовыми фильтрами%до износа%%1%0%0%
Хозяйство  пути и сооружений%РАБОЧИЕ%Машинист электросварочного передвижного агрегата с двигателем внутреннего сгорания; машинист электростанции передвижной%Наушники противошумные%до износа%%1%0%0%
Хозяйство  пути и сооружений%РАБОЧИЕ%Машинист электросварочного передвижного агрегата с двигателем внутреннего сгорания; машинист электростанции передвижной%Жилет сигнальный 2 класса защиты%2%%2%6%12%
Хозяйство  пути и сооружений%РАБОЧИЕ%Машинист электросварочного передвижного агрегата с двигателем внутреннего сгорания; машинист электростанции передвижной%Костюм для защиты от пониженных температур «Механик»%по поясам%Зимой дополнительно:%1%36%36%
Хозяйство  пути и сооружений%РАБОЧИЕ%Машинист электросварочного передвижного агрегата с двигателем внутреннего сгорания; машинист электростанции передвижной%Шапка-ушанка со звукопроводными вставками%по поясам%Зимой дополнительно:%1%24%24%
Хозяйство  пути и сооружений%РАБОЧИЕ%Машинист электросварочного передвижного агрегата с двигателем внутреннего сгорания; машинист электростанции передвижной%Рукавицы утепленные%по поясам%Зимой дополнительно:%1%6%6%
Хозяйство  пути и сооружений%РАБОЧИЕ%Машинист электросварочного передвижного агрегата с двигателем внутреннего сгорания; машинист электростанции передвижной%Перчатки утепленные%по поясам%Зимой дополнительно:%1%6%6%
Хозяйство  пути и сооружений%РАБОЧИЕ%Машинист электросварочного передвижного агрегата с двигателем внутреннего сгорания; машинист электростанции передвижной%Сапоги юфтевые утепленные на нефтеморозостойкой подошве%по поясам%Зимой дополнительно:%1%12%12%
Хозяйство  пути и сооружений%РАБОЧИЕ%Машинист электросварочного передвижного агрегата с двигателем внутреннего сгорания; машинист электростанции передвижной%Валенки (сапоги валяные) с резиновым низом %по поясам%Зимой дополнительно:%1%12%12%
%%%%%%%%0%
Хозяйство  пути и сооружений%РАБОЧИЕ%Мойщик-уборщик подвижного состава%Костюм «Механизатор-Л»% 1 на 9 месяцев%%1%9%9%
Хозяйство  пути и сооружений%РАБОЧИЕ%Мойщик-уборщик подвижного состава%Костюм «Приемосдатчик-Л»  % 1 на 9 месяцев%%1%9%9%
Хозяйство  пути и сооружений%РАБОЧИЕ%Мойщик-уборщик подвижного состава%Комплект для защиты от воды %1 на 2 года%%1%24%24%
Хозяйство  пути и сооружений%РАБОЧИЕ%Мойщик-уборщик подвижного состава%Белье нательное%1 комплект%%1%12%12%
Хозяйство  пути и сооружений%РАБОЧИЕ%Мойщик-уборщик подвижного состава%Ботинки юфтевые на маслобензостойкой подошве%1 пара%%1%12%12%
Хозяйство  пути и сооружений%РАБОЧИЕ%Мойщик-уборщик подвижного состава%Сапоги юфтевые на маслобензостойкой подошве%1 пара%%1%12%12%
Хозяйство  пути и сооружений%РАБОЧИЕ%Мойщик-уборщик подвижного состава%Сапоги из поливинилхлоридного пластиката%1 пара%%1%12%12%
Хозяйство  пути и сооружений%РАБОЧИЕ%Мойщик-уборщик подвижного состава%Перчатки с полимерным покрытием кислотощелочестойкие%12 пар%%12%1%12%
Хозяйство  пути и сооружений%РАБОЧИЕ%Мойщик-уборщик подвижного состава%Респиратор противогазоаэрозольный%до износа%%1%0%0%
Хозяйство  пути и сооружений%РАБОЧИЕ%Мойщик-уборщик подвижного состава%Полумаска со сменными противогазоаэрозольными фильтрами%до износа%%1%0%0%
Хозяйство  пути и сооружений%РАБОЧИЕ%Мойщик-уборщик подвижного состава%Перчатки резиновые%12 пар%%12%1%12%
Хозяйство  пути и сооружений%РАБОЧИЕ%Мойщик-уборщик подвижного состава%Перчатки из полимерных материалов%  12 пар%%12%1%12%
Хозяйство  пути и сооружений%РАБОЧИЕ%Мойщик-уборщик подвижного состава%Нарукавники прорезиненные%6 пар%%6%2%12%
Хозяйство  пути и сооружений%РАБОЧИЕ%Мойщик-уборщик подвижного состава%Галоши резиновые с высоким  верхом%1 пара%%1%12%12%
Хозяйство  пути и сооружений%РАБОЧИЕ%Мойщик-уборщик подвижного состава%Очки защитные закрытые%до износа%%1%0%0%
Хозяйство  пути и сооружений%РАБОЧИЕ%Мойщик-уборщик подвижного состава%Щиток защитный лицевой%до износа%%1%0%0%
Хозяйство  пути и сооружений%РАБОЧИЕ%Мойщик-уборщик подвижного состава%Жилет сигнальный 2 класса защиты%2%%2%6%12%
Хозяйство  пути и сооружений%РАБОЧИЕ%Мойщик-уборщик подвижного состава%Маска со сменными фильтрами%до износа%При выполнении работ по  чистке и промывке вагонов из-под ядохимикатов и минеральных удобрений дополнительно:%1%0%0%
Хозяйство  пути и сооружений%РАБОЧИЕ%Мойщик-уборщик подвижного состава%Противогаз фильтрующий%дежурный%При выполнении работ по  чистке и промывке вагонов из-под ядохимикатов и минеральных удобрений дополнительно:%1%0%0%
Хозяйство  пути и сооружений%РАБОЧИЕ%Мойщик-уборщик подвижного состава%Костюм для защиты от пониженных температур  «Механизатор» %по поясам%При работе в неотапливаемых помещенияхна наружных работах зимой дополнительно:%1%36%36%
Хозяйство  пути и сооружений%РАБОЧИЕ%Мойщик-уборщик подвижного состава%Костюм для защиты от пониженных температур «Приемосдатчик»  %по поясам%При работе в неотапливаемых помещенияхна наружных работах зимой дополнительно:%1%36%36%
Хозяйство  пути и сооружений%РАБОЧИЕ%Мойщик-уборщик подвижного состава%Шапка-ушанка со звукопроводными вставками%по поясам%При работе в неотапливаемых помещенияхна наружных работах зимой дополнительно:%1%24%24%
Хозяйство  пути и сооружений%РАБОЧИЕ%Мойщик-уборщик подвижного состава%Перчатки утепленные с защитным покрытием, нефтеморозостойкие%по поясам%При работе в неотапливаемых помещенияхна наружных работах зимой дополнительно:%1%6%6%
Хозяйство  пути и сооружений%РАБОЧИЕ%Мойщик-уборщик подвижного состава%Cапоги утепленные юфтевые на нефтеморозостойкой подошве%по поясам%При работе в неотапливаемых помещенияхна наружных работах зимой дополнительно:%1%12%12%
Хозяйство  пути и сооружений%РАБОЧИЕ%Мойщик-уборщик подвижного состава%Валенки (сапоги валяные) с резиновым низом %по поясам%При работе в неотапливаемых помещенияхна наружных работах зимой дополнительно:%1%12%12%
%%%%%%%%0%
Хозяйство  пути и сооружений%РАБОЧИЕ%Моторист поворотного круга%Костюм «Механик-Л»%1%%1%12%12%
Хозяйство  пути и сооружений%РАБОЧИЕ%Моторист поворотного круга%Ботинки юфтевые на маслобензостойкой подошве%1 пара%%1%12%12%
Хозяйство  пути и сооружений%РАБОЧИЕ%Моторист поворотного круга%Перчатки с полимерным покрытием%12 пар%%12%1%12%
Хозяйство  пути и сооружений%РАБОЧИЕ%Моторист поворотного круга%Перчатки диэлектрические  %дежурные%%1%0%0%
Хозяйство  пути и сооружений%РАБОЧИЕ%Моторист поворотного круга%Очки защитные открытые%до износа%%1%0%0%
Хозяйство  пути и сооружений%РАБОЧИЕ%Моторист поворотного круга%Жилет сигнальный 2 класса защиты%1%%1%12%12%
Хозяйство  пути и сооружений%РАБОЧИЕ%Моторист поворотного круга%Костюм для защиты от пониженных температур «Механик»%по поясам%Зимой дополнительно:%1%36%36%
Хозяйство  пути и сооружений%РАБОЧИЕ%Моторист поворотного круга%Шапка-ушанка со звукопроводными вставками%по поясам%Зимой дополнительно:%1%24%24%
Хозяйство  пути и сооружений%РАБОЧИЕ%Моторист поворотного круга%Cапоги утепленные юфтевые на нефтеморозостойкой подошве%по поясам%Зимой дополнительно:%1%12%12%
Хозяйство  пути и сооружений%РАБОЧИЕ%Моторист поворотного круга%Валенки (сапоги валяные) с резиновым низом %по поясам%Зимой дополнительно:%1%12%12%
%%%%%%%%0%
Хозяйство  пути и сооружений%РАБОЧИЕ%Наждачник%Костюм для защиты от общих производственных загрязнений и механических воздействий%1%%1%12%12%
Хозяйство  пути и сооружений%РАБОЧИЕ%Наждачник%ПолуБотинки юфтевые на полиуретановой подошве%1 пара%%1%12%12%
Хозяйство  пути и сооружений%РАБОЧИЕ%Наждачник%Перчатки комбинированные%12 пар%%12%1%12%
Хозяйство  пути и сооружений%РАБОЧИЕ%Наждачник%Перчатки с полимерным покрытием%12 пар%%12%1%12%
Хозяйство  пути и сооружений%РАБОЧИЕ%Наждачник%Очки защитные открытые%до износа%%1%0%0%
Хозяйство  пути и сооружений%РАБОЧИЕ%Наждачник%Щиток защитный лицевой%до износа%%1%0%0%
Хозяйство  пути и сооружений%РАБОЧИЕ%Наждачник%Респиратор противоаэрозольный%до износа%%1%0%0%
%%%%%%%%0%
Хозяйство  пути и сооружений%РАБОЧИЕ%Наладчик контрольно-измерительных вагонов; электрослесарь по ремонту электрических машин% Комплект «Путеец-Л»%1%%1%12%12%
Хозяйство  пути и сооружений%РАБОЧИЕ%Наладчик контрольно-измерительных вагонов; электрослесарь по ремонту электрических машин% Костюм «Дефектоскопист-Л»%1%%1%12%12%
Хозяйство  пути и сооружений%РАБОЧИЕ%Наладчик контрольно-измерительных вагонов; электрослесарь по ремонту электрических машин%Ботинки юфтевые на полиуретановой подошве%1 пара%%%%0%
Хозяйство  пути и сооружений%РАБОЧИЕ%Наладчик контрольно-измерительных вагонов; электрослесарь по ремонту электрических машин%Плащ  для защиты от воды%1 на 3 года%%1%36%36%
Хозяйство  пути и сооружений%РАБОЧИЕ%Наладчик контрольно-измерительных вагонов; электрослесарь по ремонту электрических машин%Перчатки диэлектрические %дежурные%%1%0%0%
Хозяйство  пути и сооружений%РАБОЧИЕ%Наладчик контрольно-измерительных вагонов; электрослесарь по ремонту электрических машин%Боты диэлектрические%дежурные%%1%0%0%
Хозяйство  пути и сооружений%РАБОЧИЕ%Наладчик контрольно-измерительных вагонов; электрослесарь по ремонту электрических машин%Перчатки  комбинированные %6 пар%%6%2%12%
Хозяйство  пути и сооружений%РАБОЧИЕ%Наладчик контрольно-измерительных вагонов; электрослесарь по ремонту электрических машин%Перчатки с полимерным покрытием%6 пар%%6%2%12%
Хозяйство  пути и сооружений%РАБОЧИЕ%Наладчик контрольно-измерительных вагонов; электрослесарь по ремонту электрических машин% Перчатки трикотажные %8 пар%%8%1,5%12%
Хозяйство  пути и сооружений%РАБОЧИЕ%Наладчик контрольно-измерительных вагонов; электрослесарь по ремонту электрических машин%Очки защитные открытые%до износа%%1%0%0%
Хозяйство  пути и сооружений%РАБОЧИЕ%Наладчик контрольно-измерительных вагонов; электрослесарь по ремонту электрических машин%Жилет сигнальный 2 класса защиты%1%%2%6%12%
Хозяйство  пути и сооружений%РАБОЧИЕ%Наладчик контрольно-измерительных вагонов; электрослесарь по ремонту электрических машин%Фартук из прорезиненной ткани%2%При выполнении работ по  проверке аккумуляторных батарей дополнительно:%2%6%12%
Хозяйство  пути и сооружений%РАБОЧИЕ%Наладчик контрольно-измерительных вагонов; электрослесарь по ремонту электрических машин%Перчатки из полимерных материаловкислотощелочестойкие%до износа %При выполнении работ по  проверке аккумуляторных батарей дополнительно:%1%0%0%
Хозяйство  пути и сооружений%РАБОЧИЕ%Наладчик контрольно-измерительных вагонов; электрослесарь по ремонту электрических машин%Перчатки с полимерным покрытием кислотощелочестойкие%до износа%При выполнении работ по  проверке аккумуляторных батарей дополнительно:%1%0%0%
Хозяйство  пути и сооружений%РАБОЧИЕ%Наладчик контрольно-измерительных вагонов; электрослесарь по ремонту электрических машин%Комплект для защиты от пониженных температур  «Путеец»%по поясам%При работе в неотапливаемых помещенияхна наружных работах зимой дополнительно:%1%36%36%
Хозяйство  пути и сооружений%РАБОЧИЕ%Наладчик контрольно-измерительных вагонов; электрослесарь по ремонту электрических машин%Костюм для защиты от пониженных температур «Дефектоскопист»%по поясам%При работе в неотапливаемых помещенияхна наружных работах зимой дополнительно:%1%36%36%
Хозяйство  пути и сооружений%РАБОЧИЕ%Наладчик контрольно-измерительных вагонов; электрослесарь по ремонту электрических машин%Шапка-ушанка со звукопроводными вставками%по поясам%При работе в неотапливаемых помещенияхна наружных работах зимой дополнительно:%1%24%24%
Хозяйство  пути и сооружений%РАБОЧИЕ%Наладчик контрольно-измерительных вагонов; электрослесарь по ремонту электрических машин%Рукавицы утепленные%по поясам%При работе в неотапливаемых помещенияхна наружных работах зимой дополнительно:%1%6%6%
Хозяйство  пути и сооружений%РАБОЧИЕ%Наладчик контрольно-измерительных вагонов; электрослесарь по ремонту электрических машин%Перчатки утепленные%по поясам%При работе в неотапливаемых помещенияхна наружных работах зимой дополнительно:%1%6%6%
Хозяйство  пути и сооружений%РАБОЧИЕ%Наладчик контрольно-измерительных вагонов; электрослесарь по ремонту электрических машин%Сапоги юфтевые утепленные на нефтеморозостойкой подошве%по поясам%При работе в неотапливаемых помещенияхна наружных работах зимой дополнительно:%1%12%12%
Хозяйство  пути и сооружений%РАБОЧИЕ%Наладчик контрольно-измерительных вагонов; электрослесарь по ремонту электрических машин%Валенки (сапоги валяные) с резиновым низом%по поясам%При работе в неотапливаемых помещенияхна наружных работах зимой дополнительно:%1%12%12%
Хозяйство  пути и сооружений%РАБОЧИЕ%%%%%%%0%
Хозяйство  пути и сооружений%РАБОЧИЕ%Наладчик сварочного и газоплазмореза-тельного оборудования; наладчик станков и манипуляторов с программным управлением%Костюм «Механик-Л»  %1%%1%12%12%
Хозяйство  пути и сооружений%РАБОЧИЕ%Наладчик сварочного и газоплазмореза-тельного оборудования; наладчик станков и манипуляторов с программным управлением%Ботинки юфтевые на маслобензостойкой подошвес металлическим подноском%1 пара%%1%12%12%
Хозяйство  пути и сооружений%РАБОЧИЕ%Наладчик сварочного и газоплазмореза-тельного оборудования; наладчик станков и манипуляторов с программным управлением%Перчатки комбинированные%8 пар%%8%1,5%12%
Хозяйство  пути и сооружений%РАБОЧИЕ%Наладчик сварочного и газоплазмореза-тельного оборудования; наладчик станков и манипуляторов с программным управлением%Перчатки с полимерным покрытием%8 пар%%8%1,5%12%
Хозяйство  пути и сооружений%РАБОЧИЕ%Наладчик сварочного и газоплазмореза-тельного оборудования; наладчик станков и манипуляторов с программным управлением%Перчатки трикотажные%6 пар%%6%2%12%
Хозяйство  пути и сооружений%РАБОЧИЕ%Наладчик сварочного и газоплазмореза-тельного оборудования; наладчик станков и манипуляторов с программным управлением%Очки защитные открытые%до износа%%1%0%0%
Хозяйство  пути и сооружений%РАБОЧИЕ%Наладчик сварочного и газоплазмореза-тельного оборудования; наладчик станков и манипуляторов с программным управлением%Щиток защитный лицевой%до износа%%1%0%0%
Хозяйство  пути и сооружений%РАБОЧИЕ%Наладчик сварочного и газоплазмореза-тельного оборудования; наладчик станков и манипуляторов с программным управлением%Респиратор противогазоаэрозольный%до износа%%1%0%0%
Хозяйство  пути и сооружений%РАБОЧИЕ%Наладчик сварочного и газоплазмореза-тельного оборудования; наладчик станков и манипуляторов с программным управлением%Наушники противошумные%до износа%%1%0%0%
Хозяйство  пути и сооружений%РАБОЧИЕ%Наладчик сварочного и газоплазмореза-тельного оборудования; наладчик станков и манипуляторов с программным управлением%Полумаска со сменными противоаэрозольными фильтрами%до износа%При выполнении работ по сухой обработке деталей (изделий) дополнительно:%1%0%0%
Хозяйство  пути и сооружений%РАБОЧИЕ%Наладчик сварочного и газоплазмореза-тельного оборудования; наладчик станков и манипуляторов с программным управлением%Маска со сменными противоаэрозольными фильтрами%до износа%При выполнении работ по сухой обработке деталей (изделий) дополнительно:%1%0%0%
%%%%%%%%0%
Хозяйство  пути и сооружений%РАБОЧИЕ%Обходчик пути и искусственных сооружений%Комплект «Путеец-Л»%1%%1%12%12%
Хозяйство  пути и сооружений%РАБОЧИЕ%Обходчик пути и искусственных сооружений%Сапоги юфтевые на маслобензостойкой подошве%1 пара %%1%12%12%
Хозяйство  пути и сооружений%РАБОЧИЕ%Обходчик пути и искусственных сооружений%Ботинки юфтевые на маслобензостойкой подошве%1 пара%%1%12%12%
Хозяйство  пути и сооружений%РАБОЧИЕ%Обходчик пути и искусственных сооружений%Плащ  для защиты от воды%1 на 3 года%%1%36%36%
Хозяйство  пути и сооружений%РАБОЧИЕ%Обходчик пути и искусственных сооружений%Перчатки комбинированные%12 пар%%12%1%12%
Хозяйство  пути и сооружений%РАБОЧИЕ%Обходчик пути и искусственных сооружений%Перчатки с полимерным покрытием%12 пар%%12%1%12%
Хозяйство  пути и сооружений%РАБОЧИЕ%Обходчик пути и искусственных сооружений%Очки защитные открытые%до износа%%1%0%0%
Хозяйство  пути и сооружений%РАБОЧИЕ%Обходчик пути и искусственных сооружений%Щиток защитный лицевой% до износа%%1%0%0%
Хозяйство  пути и сооружений%РАБОЧИЕ%Обходчик пути и искусственных сооружений%Жилет сигнальный 2 класса защиты%4%%4%3%12%
Хозяйство  пути и сооружений%РАБОЧИЕ%Обходчик пути и искусственных сооружений%Костюм для защиты от воды прорезиненный %  1 на 1,5 года%При  выполнении работ  на  тоннельных участках дополнительно%1%18%18%
Хозяйство  пути и сооружений%РАБОЧИЕ%Обходчик пути и искусственных сооружений%Комплект для защиты от воды %  1 на 1,5 года%При  выполнении работ  на  тоннельных участках дополнительно%1%18%18%
Хозяйство  пути и сооружений%РАБОЧИЕ%Обходчик пути и искусственных сооружений%Каска защитная с  фонарем шахтерским%1 на 2 года%При  выполнении работ  на  тоннельных участках дополнительно%1%24%24%
Хозяйство  пути и сооружений%РАБОЧИЕ%Обходчик пути и искусственных сооружений%Наушники противошумные%до износа%При  выполнении работ  на  тоннельных участках дополнительно%1%0%0%
Хозяйство  пути и сооружений%РАБОЧИЕ%Обходчик пути и искусственных сооружений%Сапоги резиновые%1 пара%При  выполнении работ  на  тоннельных участках дополнительно%1%12%12%
Хозяйство  пути и сооружений%РАБОЧИЕ%Обходчик пути и искусственных сооружений%Сапоги резиновыерыбацкие%1 пара%При  выполнении работ  на  тоннельных участках дополнительно%1%12%12%
Хозяйство  пути и сооружений%РАБОЧИЕ%Обходчик пути и искусственных сооружений%Респиратор противогазоаэрозольный%до износа%При  выполнении работ  на  тоннельных участках дополнительно%1%0%0%
Хозяйство  пути и сооружений%РАБОЧИЕ%Обходчик пути и искусственных сооружений%Перчатки резиновые%до износа%При  выполнении работ  на  тоннельных участках дополнительно%1%0%0%
Хозяйство  пути и сооружений%РАБОЧИЕ%Обходчик пути и искусственных сооружений%Перчатки из полимерных материалов% до износа%При  выполнении работ  на  тоннельных участках дополнительно%1%0%0%
Хозяйство  пути и сооружений%РАБОЧИЕ%Обходчик пути и искусственных сооружений%Противогаз фильтрующий%дежурный%При  выполнении работ  на  тоннельных участках дополнительно%%%0%
Хозяйство  пути и сооружений%РАБОЧИЕ%Обходчик пути и искусственных сооружений%Комплект для защиты от пониженных температур  «Путеец»%по поясам%Зимой дополнительно:%1%36%36%
Хозяйство  пути и сооружений%РАБОЧИЕ%Обходчик пути и искусственных сооружений%Полушубок%по поясам%Зимой дополнительно:%1%60%60%
Хозяйство  пути и сооружений%РАБОЧИЕ%Обходчик пути и искусственных сооружений%Полупальто на меховой подкладке%по поясам%Зимой дополнительно:%1%60%60%
Хозяйство  пути и сооружений%РАБОЧИЕ%Обходчик пути и искусственных сооружений%Куртка на меховой подкладке%по поясам%Зимой дополнительно:%1%60%60%
Хозяйство  пути и сооружений%РАБОЧИЕ%Обходчик пути и искусственных сооружений%Шапка-ушанка со звукопроводными вставками%по поясам%Зимой дополнительно:%1%24%24%
Хозяйство  пути и сооружений%РАБОЧИЕ%Обходчик пути и искусственных сооружений%Шапка трикотажная%1 на 2 года%Зимой дополнительно:%1%24%24%
Хозяйство  пути и сооружений%РАБОЧИЕ%Обходчик пути и искусственных сооружений%Рукавицы утепленные%по поясам%Зимой дополнительно:%1%6%6%
Хозяйство  пути и сооружений%РАБОЧИЕ%Обходчик пути и искусственных сооружений%Перчатки утепленные%по поясам%Зимой дополнительно:%1%6%6%
Хозяйство  пути и сооружений%РАБОЧИЕ%Обходчик пути и искусственных сооружений%Перчатки утепленные с защитным покрытием, нефтеморозостойкие%по поясам%Зимой дополнительно:%%%0%
Хозяйство  пути и сооружений%РАБОЧИЕ%Обходчик пути и искусственных сооружений%Сапоги юфтевые утепленные на нефтеморозостойкой подошве  в I и II поясах  %по поясам%Зимой дополнительно:в I и II поясах %1%12%12%
Хозяйство  пути и сооружений%РАБОЧИЕ%Обходчик пути и искусственных сооружений%Сапоги кожаные утепленные «СЕВЕР ЖД» в III, IV и особом поясах%по поясам%Зимой дополнительно:%1%36%36%
Хозяйство  пути и сооружений%РАБОЧИЕ%Обходчик пути и искусственных сооружений%Валенки (сапоги валяные) с резиновым низомв III, IV и особом поясах %по поясам%Зимой дополнительно:в III, IV и особом поясах%1%12%12%
Хозяйство  пути и сооружений%РАБОЧИЕ%Обходчик пути и искусственных сооружений%Подшлемник для защиты от пониженных температур со звукопроводными вставками%по поясам%При выполнении  работ  на  тоннельных участках дополнительно:%1%24%24%
Хозяйство  пути и сооружений%РАБОЧИЕ%Обходчик пути и искусственных сооружений%Свитер полушерстяной%1%При выполнении  работ  на  тоннельных участках дополнительно:%1%12%12%
Хозяйство  пути и сооружений%РАБОЧИЕ%Оператор дефектоскопной тележки; оператор по путевым измерениям; помощник оператора дефектоскопной тележки%Костюм «Дефектоскопист-Л» %1%%1%12%12%
Хозяйство  пути и сооружений%РАБОЧИЕ%Оператор дефектоскопной тележки; оператор по путевым измерениям; помощник оператора дефектоскопной тележки%Ботинки юфтевые на маслобензостойкой подошве%1 пара %%1%12%12%
Хозяйство  пути и сооружений%РАБОЧИЕ%Оператор дефектоскопной тележки; оператор по путевым измерениям; помощник оператора дефектоскопной тележки%Сапоги юфтевые на маслобензостойкой подошве%1 пара%%1%12%12%
Хозяйство  пути и сооружений%РАБОЧИЕ%Оператор дефектоскопной тележки; оператор по путевым измерениям; помощник оператора дефектоскопной тележки%Плащ  для защиты от воды%1 на 3 года%%1%36%36%
Хозяйство  пути и сооружений%РАБОЧИЕ%Оператор дефектоскопной тележки; оператор по путевым измерениям; помощник оператора дефектоскопной тележки%Перчатки комбинированные%8 пар%%8%1,5%12%
Хозяйство  пути и сооружений%РАБОЧИЕ%Оператор дефектоскопной тележки; оператор по путевым измерениям; помощник оператора дефектоскопной тележки%Перчатки с полимерным покрытием%8 пар%%8%1,5%12%
Хозяйство  пути и сооружений%РАБОЧИЕ%Оператор дефектоскопной тележки; оператор по путевым измерениям; помощник оператора дефектоскопной тележки%Перчатки трикотажные%6 пар%%6%2%12%
Хозяйство  пути и сооружений%РАБОЧИЕ%Оператор дефектоскопной тележки; оператор по путевым измерениям; помощник оператора дефектоскопной тележки%Жилет сигнальный 2 класса защиты%2%%2%6%12%
Хозяйство  пути и сооружений%РАБОЧИЕ%Оператор дефектоскопной тележки; оператор по путевым измерениям; помощник оператора дефектоскопной тележки%Костюм для защиты от пониженных температур «Дефектоскопист»%по поясам%Зимой дополнительно:%1%36%36%
Хозяйство  пути и сооружений%РАБОЧИЕ%Оператор дефектоскопной тележки; оператор по путевым измерениям; помощник оператора дефектоскопной тележки%Полушубок%по поясам%Зимой дополнительно:%1%60%60%
Хозяйство  пути и сооружений%РАБОЧИЕ%Оператор дефектоскопной тележки; оператор по путевым измерениям; помощник оператора дефектоскопной тележки%Полупальто на меховой подкладке%по поясам%Зимой дополнительно:%1%60%60%
Хозяйство  пути и сооружений%РАБОЧИЕ%Оператор дефектоскопной тележки; оператор по путевым измерениям; помощник оператора дефектоскопной тележки%Куртка на меховой подкладке%по поясам%Зимой дополнительно:%1%60%60%
Хозяйство  пути и сооружений%РАБОЧИЕ%Оператор дефектоскопной тележки; оператор по путевым измерениям; помощник оператора дефектоскопной тележки%Шапка-ушанка со звукопроводными вставками%по поясам%Зимой дополнительно:%1%24%24%
Хозяйство  пути и сооружений%РАБОЧИЕ%Оператор дефектоскопной тележки; оператор по путевым измерениям; помощник оператора дефектоскопной тележки%Шапка трикотажная%1 на 2 года%Зимой дополнительно:%1%24%24%
Хозяйство  пути и сооружений%РАБОЧИЕ%Оператор дефектоскопной тележки; оператор по путевым измерениям; помощник оператора дефектоскопной тележки%Рукавицы утепленные%по поясам%Зимой дополнительно:%1%6%6%
Хозяйство  пути и сооружений%РАБОЧИЕ%Оператор дефектоскопной тележки; оператор по путевым измерениям; помощник оператора дефектоскопной тележки%Перчатки утепленные%по поясам%Зимой дополнительно:%1%6%6%
Хозяйство  пути и сооружений%РАБОЧИЕ%Оператор дефектоскопной тележки; оператор по путевым измерениям; помощник оператора дефектоскопной тележки%Перчатки с защитным покрытием, нефтеморозостойкие %по поясам%Зимой дополнительно:%1%6%6%
Хозяйство  пути и сооружений%РАБОЧИЕ%Оператор дефектоскопной тележки; оператор по путевым измерениям; помощник оператора дефектоскопной тележки%Cапоги утепленные юфтевые на нефтеморозостойкой подошве%по поясам%Зимой дополнительно:%1%12%12%
Хозяйство  пути и сооружений%РАБОЧИЕ%Оператор дефектоскопной тележки; оператор по путевым измерениям; помощник оператора дефектоскопной тележки%Валенки (сапоги валяные) с резиновым низом %по поясам%Зимой дополнительно:%1%12%12%
%%%%%%%%0%
Хозяйство  пути и сооружений%РАБОЧИЕ%Подсобный рабочий %Костюм «Механизатор-Л»%1%%1%12%12%
Хозяйство  пути и сооружений%РАБОЧИЕ%Подсобный рабочий %Ботинки юфтевые на полиуретановой подошве%1 пара%%1%12%12%
Хозяйство  пути и сооружений%РАБОЧИЕ%Подсобный рабочий %% на  9 месяцев%%1%9%9%
Хозяйство  пути и сооружений%РАБОЧИЕ%Подсобный рабочий %Фартук из прорезиненной ткани%1 на 9 месяцев%%1%9%9%
Хозяйство  пути и сооружений%РАБОЧИЕ%Подсобный рабочий %Перчатки комбинированные%12 пар%%12%1%12%
Хозяйство  пути и сооружений%РАБОЧИЕ%Подсобный рабочий %Перчатки с полимерным покрытием%12 пар%%12%1%12%
Хозяйство  пути и сооружений%РАБОЧИЕ%Подсобный рабочий %Плащ  для защиты от воды%1 на 3 года%%1%36%36%
Хозяйство  пути и сооружений%РАБОЧИЕ%Подсобный рабочий %Головной убор сигнальный%1%%1%12%12%
Хозяйство  пути и сооружений%РАБОЧИЕ%Подсобный рабочий %Жилет сигнальный 2 класса защиты%2%%2%6%12%
Хозяйство  пути и сооружений%РАБОЧИЕ%Подсобный рабочий %Костюм для защиты от пониженных температур «Механизатор»%по поясам%При работе в неотапливаемых помещенияхна наружных работах зимой дополнительно:%1%36%36%
Хозяйство  пути и сооружений%РАБОЧИЕ%Подсобный рабочий %Шапка-ушанка со звукопроводными вставками%по поясам%При работе в неотапливаемых помещенияхна наружных работах зимой дополнительно:%1%24%24%
Хозяйство  пути и сооружений%РАБОЧИЕ%Подсобный рабочий %Рукавицы утепленные%по поясам%При работе в неотапливаемых помещенияхна наружных работах зимой дополнительно:%1%6%6%
Хозяйство  пути и сооружений%РАБОЧИЕ%Подсобный рабочий %Перчатки утепленные%по поясам%При работе в неотапливаемых помещенияхна наружных работах зимой дополнительно:%1%6%6%
Хозяйство  пути и сооружений%РАБОЧИЕ%Подсобный рабочий %Сапоги юфтевые утепленные на нефтеморозостойкой подошве в I и II поясах%по поясам%При работе в неотапливаемых помещенияхна наружных работах зимой дополнительно:в I и II поясах %1%12%12%
Хозяйство  пути и сооружений%РАБОЧИЕ%Подсобный рабочий %Сапоги кожаные утепленные «СЕВЕР ЖД» в III, IV и особом поясах%  по поясам%При работе в неотапливаемых помещенияхна наружных работах зимой дополнительно:%1%36%36%
Хозяйство  пути и сооружений%РАБОЧИЕ%Подсобный рабочий %Валенки (сапоги валяные)%по поясам%При работе в неотапливаемых помещенияхна наружных работах зимой дополнительно:в III, IV и особом поясах  %1%12%12%
Хозяйство  пути и сооружений%РАБОЧИЕ%Подсобный рабочий %Галоши на валенки (сапоги валяные)% 1 пара на 2 года%При работе в неотапливаемых помещенияхна наружных работах зимой дополнительно:%1%24%24%
%%%%%%%%0%
Хозяйство  пути и сооружений%РАБОЧИЕ%Правильщик на машинах%Костюм «Механик-Л»%1%%1%12%12%
Хозяйство  пути и сооружений%РАБОЧИЕ%Правильщик на машинах%Ботинки юфтевые на полиуретановой подошве%1 пара%%1%12%12%
Хозяйство  пути и сооружений%РАБОЧИЕ%Правильщик на машинах%Перчатки комбинированные%12 пар%%12%1%12%
Хозяйство  пути и сооружений%РАБОЧИЕ%Правильщик на машинах%Перчатки с полимерным покрытием%12 пар%%12%1%12%
Хозяйство  пути и сооружений%РАБОЧИЕ%Правильщик на машинах%Очки защитные открытые%до износа%%1%0%0%
Хозяйство  пути и сооружений%РАБОЧИЕ%Правильщик на машинах%Ботинки юфтевые на термополиуретановой  подошве  с металлическим подноском%1 пара%При выполнении  работ с горячим металлом дополнительно:%1%12%12%
%%%%%%%%0%
Хозяйство  пути и сооружений%РАБОЧИЕ%Проводник пассажирского вагона  %Халат хлопчатобумажный%2%При  выполнении работ по обслуживанию рабочего поезда: %2%6%12%
Хозяйство  пути и сооружений%РАБОЧИЕ%Проводник пассажирского вагона  %Костюм для защиты от общих производственных загрязнений и механических воздействий%2%При  выполнении работ по обслуживанию рабочего поезда: %2%6%12%
Хозяйство  пути и сооружений%РАБОЧИЕ%Проводник пассажирского вагона  %Полуботинки с хромовым верхом на полиуретановой подошве%1 пара%При  выполнении работ по обслуживанию рабочего поезда: %1%12%12%
Хозяйство  пути и сооружений%РАБОЧИЕ%Проводник пассажирского вагона  %Перчатки с полимерным покрытием%6 пар%При  выполнении работ по обслуживанию рабочего поезда: %6%2%12%
Хозяйство  пути и сооружений%РАБОЧИЕ%Проводник пассажирского вагона  %Перчатки резиновые%до износа%При  выполнении работ по обслуживанию рабочего поезда: %1%0%0%
Хозяйство  пути и сооружений%РАБОЧИЕ%Проводник пассажирского вагона  %Перчатки из полимерных материалов%до износа%При  выполнении работ по обслуживанию рабочего поезда: %1%0%0%
Хозяйство  пути и сооружений%РАБОЧИЕ%Проводник пассажирского вагона  %Плащ  для защиты от воды%1 на 3 года%При  выполнении работ по обслуживанию рабочего поезда: %1%36%36%
Хозяйство  пути и сооружений%РАБОЧИЕ%Проводник пассажирского вагона  %Жилет сигнальный 2 класса защиты%1%При  выполнении работ по обслуживанию рабочего поезда: %1%12%12%
Хозяйство  пути и сооружений%РАБОЧИЕ%Проводник пассажирского вагона  %Перчатки комбинированные%8 пар%При выполнении работы по отоплению вагонов твердым топливом дополнительно:%8%1,5%12%
Хозяйство  пути и сооружений%РАБОЧИЕ%Проводник пассажирского вагона  %Очки защитные открытые%до износа%При выполнении работы по отоплению вагонов твердым топливом дополнительно:%1%0%0%
Хозяйство  пути и сооружений%РАБОЧИЕ%Проводник пассажирского вагона  %Респиратор противоаэрозольный%до износа%При выполнении работы по отоплению вагонов твердым топливом дополнительно:%1%0%0%
Хозяйство  пути и сооружений%РАБОЧИЕ%Проводник пассажирского вагона  %Куртка  на утепляющей подкладке  в I поясе%  1 на 3 года%При работе в неотапливаемых помещенияхна наружных работах зимой дополнительно:%1%36%36%
Хозяйство  пути и сооружений%РАБОЧИЕ%Проводник пассажирского вагона  %Комплект для защиты от пониженных температур  «Путеец»во II, III, IV и особом  поясах%по поясам%При работе в неотапливаемых помещенияхна наружных работах зимой дополнительно:%1%36%36%
Хозяйство  пути и сооружений%РАБОЧИЕ%Проводник пассажирского вагона  %Костюм для защиты от пониженных температур «Дефектоскопист»  во II, III, IV и особом  поясах  %по поясам%При работе в неотапливаемых помещенияхна наружных работах зимой дополнительно:%1%36%36%
Хозяйство  пути и сооружений%РАБОЧИЕ%Проводник пассажирского вагона  %Шапка-ушанка со звукопроводными вставками%по поясам%При работе в неотапливаемых помещенияхна наружных работах зимой дополнительно:%1%24%24%
Хозяйство  пути и сооружений%РАБОЧИЕ%Проводник пассажирского вагона  %Рукавицы утепленные%по поясам%При работе в неотапливаемых помещенияхна наружных работах зимой дополнительно:%1%6%6%
Хозяйство  пути и сооружений%РАБОЧИЕ%Проводник пассажирского вагона  %Перчатки утепленные%по поясам%При работе в неотапливаемых помещенияхна наружных работах зимой дополнительно:%1%6%6%
Хозяйство  пути и сооружений%РАБОЧИЕ%Проводник пассажирского вагона  %Сапоги юфтевые утепленные на нефтеморозостойкой подошве%по поясам%При работе в неотапливаемых помещенияхна наружных работах зимой дополнительно:%1%12%12%
Хозяйство  пути и сооружений%РАБОЧИЕ%Проводник пассажирского вагона  %Валенки (сапоги валяные)с резиновым низом  %по поясам%При работе в неотапливаемых помещенияхна наружных работах зимой дополнительно:%1%12%12%
%%%%%%%%0%
Хозяйство  пути и сооружений%РАБОЧИЕ%Проводник по сопровождению грузов и спецвагонов%Костюм  «Механизатор- Л»%1%%1%12%12%
Хозяйство  пути и сооружений%РАБОЧИЕ%Проводник по сопровождению грузов и спецвагонов%Халат из смешанных тканей%1%%1%12%12%
Хозяйство  пути и сооружений%РАБОЧИЕ%Проводник по сопровождению грузов и спецвагонов%Ботинки юфтевые на полиуретановой подошве%1 пара%%1%12%12%
Хозяйство  пути и сооружений%РАБОЧИЕ%Проводник по сопровождению грузов и спецвагонов%Плащ  для защиты от воды%1 на 4 года%%1%48%48%
Хозяйство  пути и сооружений%РАБОЧИЕ%Проводник по сопровождению грузов и спецвагонов%Перчатки с полимерным покрытием%8 пар%%8%1,5%12%
Хозяйство  пути и сооружений%РАБОЧИЕ%Проводник по сопровождению грузов и спецвагонов%Очки защитные открытые%до износа%%1%0%0%
Хозяйство  пути и сооружений%РАБОЧИЕ%Проводник по сопровождению грузов и спецвагонов%Жилет сигнальный 2 класса защиты%2%%2%6%12%
%%%%%%%%0%
Хозяйство  пути и сооружений%РАБОЧИЕ%Проводник по сопровождению грузов и спецвагонов%Костюм для защиты от пониженных температур «Механизатор»%по поясам%Зимой дополнительно:%1%36%36%
Хозяйство  пути и сооружений%РАБОЧИЕ%Проводник по сопровождению грузов и спецвагонов%Шапка-ушанка со звукопроводными вставками%по поясам%Зимой дополнительно:%1%24%24%
Хозяйство  пути и сооружений%РАБОЧИЕ%Проводник по сопровождению грузов и спецвагонов%Рукавицы утепленные%по поясам%Зимой дополнительно:%1%6%6%
Хозяйство  пути и сооружений%РАБОЧИЕ%Проводник по сопровождению грузов и спецвагонов%Перчатки утепленные%по поясам%Зимой дополнительно:%1%6%6%
Хозяйство  пути и сооружений%РАБОЧИЕ%Проводник по сопровождению грузов и спецвагонов%Сапоги юфтевые утепленные на нефтеморозостойкой подошве%по поясам%Зимой дополнительно:%1%12%12%
Хозяйство  пути и сооружений%РАБОЧИЕ%Проводник по сопровождению грузов и спецвагонов%Валенки (сапоги валяные) с резиновым низом%по поясам%Зимой дополнительно:%1%12%12%
Хозяйство  пути и сооружений%РАБОЧИЕ%Проводник по сопровождению грузов и спецвагонов%Полушубок%по поясам%Во II, III, IV  и особом  поясах дополнительно: %1%60%60%
Хозяйство  пути и сооружений%РАБОЧИЕ%Проводник по сопровождению грузов и спецвагонов%Полупальто на меховой подкладке%по поясам%Во II, III, IV  и особом  поясах дополнительно: %1%60%60%
Хозяйство  пути и сооружений%РАБОЧИЕ%Проводник по сопровождению грузов и спецвагонов%Куртка на меховой подкладке%по поясам%Во II, III, IV  и особом  поясах дополнительно: %1%60%60%
%%%%%%%%0%
Хозяйство  пути и сооружений%РАБОЧИЕ%Пропитчик пиломатериалов и изделий из древесины; монтер пути, занятый в  шпалопропиточных мастерских%Костюм для защиты от механических воздействий, воды и щелочей  %2 на 1,5 года%%2%18%36%
Хозяйство  пути и сооружений%РАБОЧИЕ%Пропитчик пиломатериалов и изделий из древесины; монтер пути, занятый в  шпалопропиточных мастерских%Ботинки юфтевые на маслобензостойкой подошвес металлическим подноском% 1 пара %%1%9%9%
Хозяйство  пути и сооружений%РАБОЧИЕ%Пропитчик пиломатериалов и изделий из древесины; монтер пути, занятый в  шпалопропиточных мастерских%Сапоги из поливинилхлоридного пластиката%1 пара%%1%12%12%
Хозяйство  пути и сооружений%РАБОЧИЕ%Пропитчик пиломатериалов и изделий из древесины; монтер пути, занятый в  шпалопропиточных мастерских%Очки защитные закрытые%до износа%%1%0%0%
Хозяйство  пути и сооружений%РАБОЧИЕ%Пропитчик пиломатериалов и изделий из древесины; монтер пути, занятый в  шпалопропиточных мастерских%Щиток защитный лицевой%до износа%%1%0%0%
Хозяйство  пути и сооружений%РАБОЧИЕ%Пропитчик пиломатериалов и изделий из древесины; монтер пути, занятый в  шпалопропиточных мастерских%Респиратор противогазоаэрозольный%до износа%%1%0%0%
Хозяйство  пути и сооружений%РАБОЧИЕ%Пропитчик пиломатериалов и изделий из древесины; монтер пути, занятый в  шпалопропиточных мастерских%Перчатки с полимерным покрытием кислотощелочестойкие%до износа%%1%0%0%
Хозяйство  пути и сооружений%РАБОЧИЕ%Пропитчик пиломатериалов и изделий из древесины; монтер пути, занятый в  шпалопропиточных мастерских%Костюм для защиты от повышенных температур%1 на 2 года%по варке антисептической пасты и гидроизоляционных покрытий дополнительно:%1%14%14%
Хозяйство  пути и сооружений%РАБОЧИЕ%Пропитчик пиломатериалов и изделий из древесины; монтер пути, занятый в  шпалопропиточных мастерских%Маска со сменными противогазовыми фильтрами%до износа%по варке антисептической пасты и гидроизоляционных покрытий дополнительно:%1%0%0%
Хозяйство  пути и сооружений%РАБОЧИЕ%Пропитчик пиломатериалов и изделий из древесины; монтер пути, занятый в  шпалопропиточных мастерских%Белье нательное%2 комплекта%по варке антисептической пасты и гидроизоляционных покрытий дополнительно:%2%12%24%
Хозяйство  пути и сооружений%РАБОЧИЕ%Пропитчик пиломатериалов и изделий из древесины; монтер пути, занятый в  шпалопропиточных мастерских%Фартук специальный из парусины%2%по варке антисептической пасты и гидроизоляционных покрытий дополнительно:%2%12%24%
Хозяйство  пути и сооружений%РАБОЧИЕ%Пропитчик пиломатериалов и изделий из древесины; монтер пути, занятый в  шпалопропиточных мастерских%Костюм изолирующий%дежурный%по сливу антисептиков дополнительно: %%%0%
Хозяйство  пути и сооружений%РАБОЧИЕ%Пропитчик пиломатериалов и изделий из древесины; монтер пути, занятый в  шпалопропиточных мастерских%Маска со сменными противогазовыми фильтрами%до износа%по сливу антисептиков дополнительно: %1%0%0%
Хозяйство  пути и сооружений%РАБОЧИЕ%Пропитчик пиломатериалов и изделий из древесины; монтер пути, занятый в  шпалопропиточных мастерских%Сапоги из поливинилхлоридного пластиката%1 пара%по сливу антисептиков дополнительно: %1%12%12%
Хозяйство  пути и сооружений%РАБОЧИЕ%Пропитчик пиломатериалов и изделий из древесины; монтер пути, занятый в  шпалопропиточных мастерских%Перчатки с полимерным покрытием%4 пары%по сливу антисептиков дополнительно: %4%3%12%
Хозяйство  пути и сооружений%РАБОЧИЕ%Пропитчик пиломатериалов и изделий из древесины; монтер пути, занятый в  шпалопропиточных мастерских%Противогаз шланговый%до износа%по сливу антисептиков дополнительно: %1%0%0%
Хозяйство  пути и сооружений%РАБОЧИЕ%Пропитчик пиломатериалов и изделий из древесины; монтер пути, занятый в  шпалопропиточных мастерских%Пояс предохранительный%до износа%по сливу антисептиков дополнительно: %1%0%0%
Хозяйство  пути и сооружений%РАБОЧИЕ%Пропитчик пиломатериалов и изделий из древесины; монтер пути, занятый в  шпалопропиточных мастерских%Костюм для защиты от пониженных температур «Механик»%по поясам%При работе в неотапливаемых помещенияхна наружных работах зимой дополнительно:%1%36%36%
Хозяйство  пути и сооружений%РАБОЧИЕ%Пропитчик пиломатериалов и изделий из древесины; монтер пути, занятый в  шпалопропиточных мастерских%Перчатки утепленные с защитным покрытием, нефтеморозостойкие%по поясам%При работе в неотапливаемых помещенияхна наружных работах зимой дополнительно:%1%6%6%
Хозяйство  пути и сооружений%РАБОЧИЕ%Пропитчик пиломатериалов и изделий из древесины; монтер пути, занятый в  шпалопропиточных мастерских%Сапоги юфтевые утепленные на нефтеморозостойкой подошве%по поясам%При работе в неотапливаемых помещенияхна наружных работах зимой дополнительно:%1%12%12%
Хозяйство  пути и сооружений%РАБОЧИЕ%Пропитчик пиломатериалов и изделий из древесины; монтер пути, занятый в  шпалопропиточных мастерских%Валенки (сапоги валяные)с резиновым низом  %по поясам%При работе в неотапливаемых помещенияхна наружных работах зимой дополнительно:%1%12%12%
%%%%%%%%0%
Хозяйство  пути и сооружений%РАБОЧИЕ%Рабочий зеленого хозяйства%Комплект «Путеец-Л» %1%%1%12%12%
Хозяйство  пути и сооружений%РАБОЧИЕ%Рабочий зеленого хозяйства%Куртка из плащевого полотна%1 на 2 года%%1%24%24%
Хозяйство  пути и сооружений%РАБОЧИЕ%Рабочий зеленого хозяйства%Ботинки юфтевые на полиуретановой подошве%1 пара%%1%12%12%
Хозяйство  пути и сооружений%РАБОЧИЕ%Рабочий зеленого хозяйства%Сапоги юфтевые на полиуретановой подошве%1 пара%%1%12%12%
Хозяйство  пути и сооружений%РАБОЧИЕ%Рабочий зеленого хозяйства%Плащ  для защиты от воды%1 на 3 года%%1%36%36%
Хозяйство  пути и сооружений%РАБОЧИЕ%Рабочий зеленого хозяйства%Нарукавники брезентовые%до износа%%1%0%0%
Хозяйство  пути и сооружений%РАБОЧИЕ%Рабочий зеленого хозяйства%Нарукавники из полимерных материалов%до износа%%1%0%0%
Хозяйство  пути и сооружений%РАБОЧИЕ%Рабочий зеленого хозяйства%Перчатки комбинированные%12 пар%%12%1%12%
Хозяйство  пути и сооружений%РАБОЧИЕ%Рабочий зеленого хозяйства%Перчатки с полимерным покрытием%12 пар%%12%1%12%
Хозяйство  пути и сооружений%РАБОЧИЕ%Рабочий зеленого хозяйства%Перчатки трикотажные%6 пар%%6%2%12%
Хозяйство  пути и сооружений%РАБОЧИЕ%Рабочий зеленого хозяйства%Очки защитные закрытые%до износа%%1%0%0%
Хозяйство  пути и сооружений%РАБОЧИЕ%Рабочий зеленого хозяйства%Щиток защитный лицевой%до износа%%1%0%0%
Хозяйство  пути и сооружений%РАБОЧИЕ%Рабочий зеленого хозяйства%Наушники противошумные%до износа%%1%0%0%
Хозяйство  пути и сооружений%РАБОЧИЕ%Рабочий зеленого хозяйства%Жилет сигнальный 2 класса защиты%2%%2%6%12%
Хозяйство  пути и сооружений%РАБОЧИЕ%Рабочий зеленого хозяйства%Костюм «Механик-Л»%1%При выполнении работ по опрыскиванию ядохимикатами:%1%12%12%
Хозяйство  пути и сооружений%РАБОЧИЕ%Рабочий зеленого хозяйства%Головной убор хлопчатобумажный%1%При выполнении работ по опрыскиванию ядохимикатами:%1%12%12%
Хозяйство  пути и сооружений%РАБОЧИЕ%Рабочий зеленого хозяйства%Сапоги резиновые%1 пара на 2 года%При выполнении работ по опрыскиванию ядохимикатами:%1%24%24%
Хозяйство  пути и сооружений%РАБОЧИЕ%Рабочий зеленого хозяйства%Перчатки резиновые%до износа%При выполнении работ по опрыскиванию ядохимикатами:%1%0%0%
Хозяйство  пути и сооружений%РАБОЧИЕ%Рабочий зеленого хозяйства%Респиратор противогазоаэрозольный%до износа%При выполнении работ по опрыскиванию ядохимикатами:%1%0%0%
Хозяйство  пути и сооружений%РАБОЧИЕ%Рабочий зеленого хозяйства%Полумаска со сменными противогазоаэрозольными фильтрами%до износа%При выполнении работ по опрыскиванию ядохимикатами:%1%0%0%
Хозяйство  пути и сооружений%РАБОЧИЕ%Рабочий зеленого хозяйства%Маска  со сменными противогазоаэрозольными фильтрами%до износа%При выполнении работ по опрыскиванию ядохимикатами:%1%0%0%
Хозяйство  пути и сооружений%РАБОЧИЕ%Рабочий зеленого хозяйства%Комплект для защиты от пониженных температур  «Путеец»%по поясам%Зимой дополнительно:%1%36%36%
Хозяйство  пути и сооружений%РАБОЧИЕ%Рабочий зеленого хозяйства%Шапка-ушанка со звукопроводными вставками%по поясам%Зимой дополнительно:%1%24%24%
Хозяйство  пути и сооружений%РАБОЧИЕ%Рабочий зеленого хозяйства%Шапка трикотажная%1 на 2 года%Зимой дополнительно:%1%24%24%
Хозяйство  пути и сооружений%РАБОЧИЕ%Рабочий зеленого хозяйства%Рукавицы утепленные%по поясам%Зимой дополнительно:%1%6%6%
Хозяйство  пути и сооружений%РАБОЧИЕ%Рабочий зеленого хозяйства%Перчатки утепленные, %по поясам%Зимой дополнительно:%1%6%6%
Хозяйство  пути и сооружений%РАБОЧИЕ%Рабочий зеленого хозяйства%Перчатки утепленные с защитным покрытием, нефтеморозостойкие%по поясам%Зимой дополнительно:%1%6%6%
Хозяйство  пути и сооружений%РАБОЧИЕ%Рабочий зеленого хозяйства%Cапоги утепленные юфтевые на нефтеморозостойкой подошве%по поясам%Зимой дополнительно:%1%12%12%
Хозяйство  пути и сооружений%РАБОЧИЕ%Рабочий зеленого хозяйства%Валенки (сапоги валяные) с резиновым низом %по поясам%Зимой дополнительно:%1%12%12%
Хозяйство  пути и сооружений%РАБОЧИЕ%Рабочий зеленого хозяйства%Полушубок%по поясам%В III, IV и особом поясах, а также в Казанском отделении Горьковской железной дороги, Самарском, Ульяновском отделениях Куйбышевской  железной дороги, Московско – Курском, Московско – Рязанском,  Московско – Смоленском отделениях Московской железной дороги ;Санкт–Петербургском , Санкт–Петербург – Витебском, Волховстроевском , Московском отделениях Октябрьской железной дороги дополнительно:%1%60%60%
Хозяйство  пути и сооружений%РАБОЧИЕ%Рабочий зеленого хозяйства%Полупальто на меховой подкладке%по поясам%В III, IV и особом поясах, а также в Казанском отделении Горьковской железной дороги, Самарском, Ульяновском отделениях Куйбышевской  железной дороги, Московско – Курском, Московско – Рязанском,  Московско – Смоленском отделениях Московской железной дороги ;Санкт–Петербургском , Санкт–Петербург – Витебском, Волховстроевском , Московском отделениях Октябрьской железной дороги дополнительно:%1%60%60%
Хозяйство  пути и сооружений%РАБОЧИЕ%Рабочий зеленого хозяйства%Куртка на меховой подкладке%по поясам%В III, IV и особом поясах, а также в Казанском отделении Горьковской железной дороги, Самарском, Ульяновском отделениях Куйбышевской  железной дороги, Московско – Курском, Московско – Рязанском,  Московско – Смоленском отделениях Московской железной дороги ;Санкт–Петербургском , Санкт–Петербург – Витебском, Волховстроевском , Московском отделениях Октябрьской железной дороги дополнительно:%1%60%60%
Хозяйство  пути и сооружений%РАБОЧИЕ%Рабочий зеленого хозяйства%Костюм с противомоскитной сеткой для защиты от механических воздействий и насекомых (энцефалитного клеща)   %до износа%При выполнении работ в районах, эндемичных по клещевому энцефалиту, дополнительно:%1%0%0%
%%%%%%%%0%
Хозяйство  пути и сооружений%РАБОЧИЕ%Раздатчик нефтепродуктов %Костюм «Механик-Л»%1%%1%12%12%
Хозяйство  пути и сооружений%РАБОЧИЕ%Раздатчик нефтепродуктов %Ботинки юфтевые на маслобензостойкой подошве%1 пара%%1%12%12%
Хозяйство  пути и сооружений%РАБОЧИЕ%Раздатчик нефтепродуктов %Фартук из прорезиненной ткани%2%%2%24%48%
Хозяйство  пути и сооружений%РАБОЧИЕ%Раздатчик нефтепродуктов %Перчатки с полимерным покрытием%12 пар%%12%1%12%
Хозяйство  пути и сооружений%РАБОЧИЕ%Раздатчик нефтепродуктов %Нарукавники прорезиненные%до износа%%1%0%0%
Хозяйство  пути и сооружений%РАБОЧИЕ%Раздатчик нефтепродуктов %Респиратор противогазоаэрозольный%до износа%%1%0%0%
Хозяйство  пути и сооружений%РАБОЧИЕ%Раздатчик нефтепродуктов %Полумаска со сменными противогазоаэрозольными фильтрами%до износа%%1%0%0%
Хозяйство  пути и сооружений%РАБОЧИЕ%Раздатчик нефтепродуктов %Костюм для защиты от пониженных температур «Механик»%по поясам%При работе в неотапливаемых помещенияхна наружных работах зимой дополнительно:%1%36%36%
Хозяйство  пути и сооружений%РАБОЧИЕ%Раздатчик нефтепродуктов %Шапка-ушанка со звукопроводными вставками%по поясам%При работе в неотапливаемых помещенияхна наружных работах зимой дополнительно:%1%24%24%
Хозяйство  пути и сооружений%РАБОЧИЕ%Раздатчик нефтепродуктов %Cапоги утепленные юфтевые на нефтеморозостойкой подошве%по поясам%При работе в неотапливаемых помещенияхна наружных работах зимой дополнительно:%1%12%12%
Хозяйство  пути и сооружений%РАБОЧИЕ%Раздатчик нефтепродуктов %Валенки (сапоги валяные) с резиновым низом %по поясам%При работе в неотапливаемых помещенияхна наружных работах зимой дополнительно:%1%12%12%
%%%%%%%%0%
Хозяйство  пути и сооружений%РАБОЧИЕ%Резчик на пилах, ножовках и станках%Костюм «Механик-Л»%1%%1%12%12%
Хозяйство  пути и сооружений%РАБОЧИЕ%Резчик на пилах, ножовках и станках%Ботинки юфтевые на маслобензостойкой подошве%  1 пара%%1%12%12%
Хозяйство  пути и сооружений%РАБОЧИЕ%Резчик на пилах, ножовках и станках%Фартук из хлопчатобумажной ткани с водоотталкивающей пропиткой%2%%2%6%12%
Хозяйство  пути и сооружений%РАБОЧИЕ%Резчик на пилах, ножовках и станках%Перчатки комбинированные%12 пар%%12%1%12%
Хозяйство  пути и сооружений%РАБОЧИЕ%Резчик на пилах, ножовках и станках%Перчатки с полимерным покрытием%12 пар%%12%1%12%
Хозяйство  пути и сооружений%РАБОЧИЕ%Резчик на пилах, ножовках и станках%Очки защитные открытые%до износа%%1%0%0%
Хозяйство  пути и сооружений%РАБОЧИЕ%Резчик на пилах, ножовках и станках%Щиток защитный лицевой%до износа%%1%0%0%
Хозяйство  пути и сооружений%РАБОЧИЕ%Резчик на пилах, ножовках и станках%Респиратор противоаэрозольный%до износа%%1%0%0%
Хозяйство  пути и сооружений%РАБОЧИЕ%%%%%%%0%
Хозяйство  пути и сооружений%РАБОЧИЕ%Ремонтник искусственных сооружений %Комплект «Путеец- Л»%1%%1%12%12%
Хозяйство  пути и сооружений%РАБОЧИЕ%Ремонтник искусственных сооружений %Костюм «Механик-Л»  %1%%1%12%12%
Хозяйство  пути и сооружений%РАБОЧИЕ%Ремонтник искусственных сооружений %Ботинки юфтевые на маслобензостойкой подошве%1 пара%%1%12%12%
Хозяйство  пути и сооружений%РАБОЧИЕ%Ремонтник искусственных сооружений %Сапоги юфтевые на маслобензостойкой подошве%1 пара%%1%12%12%
Хозяйство  пути и сооружений%РАБОЧИЕ%Ремонтник искусственных сооружений %Плащ  для защиты от воды%1 на 3 года%%1%36%36%
Хозяйство  пути и сооружений%РАБОЧИЕ%Ремонтник искусственных сооружений %Перчатки комбинированные%12 пар%%12%1%12%
Хозяйство  пути и сооружений%РАБОЧИЕ%Ремонтник искусственных сооружений %Перчатки с полимерным покрытием%12 пар%%12%1%12%
Хозяйство  пути и сооружений%РАБОЧИЕ%Ремонтник искусственных сооружений %Перчатки трикотажные%6 пар%%6%2%12%
Хозяйство  пути и сооружений%РАБОЧИЕ%Ремонтник искусственных сооружений %Каска защитная%1 на 2 года%%1%24%24%
Хозяйство  пути и сооружений%РАБОЧИЕ%Ремонтник искусственных сооружений %Очки защитные открытые%до износа%%1%0%0%
Хозяйство  пути и сооружений%РАБОЧИЕ%Ремонтник искусственных сооружений %Щиток защитный лицевой%до износа%%1%0%0%
Хозяйство  пути и сооружений%РАБОЧИЕ%Ремонтник искусственных сооружений %Респиратор противогазоаэрозольный%до износа%%1%0%0%
Хозяйство  пути и сооружений%РАБОЧИЕ%Ремонтник искусственных сооружений %Жилет сигнальный 2 класса защиты%4%%4%3%12%
Хозяйство  пути и сооружений%РАБОЧИЕ%Ремонтник искусственных сооружений %Костюм для защиты от воды прорезиненный  %  1 на 1,5 года%При выполнении  работ  на  тоннельных участках дополнительно:%1%18%18%
Хозяйство  пути и сооружений%РАБОЧИЕ%Ремонтник искусственных сооружений %Комплект для защиты от воды %  1 на 1,5 года%При выполнении  работ  на  тоннельных участках дополнительно:%1%18%18%
Хозяйство  пути и сооружений%РАБОЧИЕ%Ремонтник искусственных сооружений %Перчатки резиновые%до износа%При выполнении  работ  на  тоннельных участках дополнительно:%1%0%0%
Хозяйство  пути и сооружений%РАБОЧИЕ%Ремонтник искусственных сооружений %Перчатки из полимерных материалов% до износа%При выполнении  работ  на  тоннельных участках дополнительно:%1%0%0%
Хозяйство  пути и сооружений%РАБОЧИЕ%Ремонтник искусственных сооружений %Каска защитная с фонарем шахтерским%1 на 2 года%При выполнении  работ  на  тоннельных участках дополнительно:%1%24%24%
Хозяйство  пути и сооружений%РАБОЧИЕ%Ремонтник искусственных сооружений %Наушники противошумные%до износа%При выполнении  работ  на  тоннельных участках дополнительно:%1%0%0%
Хозяйство  пути и сооружений%РАБОЧИЕ%Ремонтник искусственных сооружений %Сапоги резиновые%1 пара%При выполнении  работ  на  тоннельных участках дополнительно:%1%12%12%
Хозяйство  пути и сооружений%РАБОЧИЕ%Ремонтник искусственных сооружений %Сапоги резиновыерыбацкие%1 пара%При выполнении  работ  на  тоннельных участках дополнительно:%1%12%12%
Хозяйство  пути и сооружений%РАБОЧИЕ%Ремонтник искусственных сооружений %Респиратор противогазоаэрозольный%до износа%При выполнении  работ  на  тоннельных участках дополнительно:%1%0%0%
Хозяйство  пути и сооружений%РАБОЧИЕ%Ремонтник искусственных сооружений %Противогаз фильтрующий%дежурный%При выполнении  работ  на  тоннельных участках дополнительно:%1%0%0%
Хозяйство  пути и сооружений%РАБОЧИЕ%Ремонтник искусственных сооружений %Пояс предохранительный%до износа%При выполнении  работ  на высоте дополнительно:%1%0%0%
Хозяйство  пути и сооружений%РАБОЧИЕ%Ремонтник искусственных сооружений %Сапоги резиновыерыбацкие% 1 пара на 3 года%При выполнении  работ по водоборьбе, очистке лотков, подкюветов, дренажей, прорезей, галерей, штолен дополнительно:%1%36%36%
Хозяйство  пути и сооружений%РАБОЧИЕ%Ремонтник искусственных сооружений %Костюм для защиты от воды прорезиненный %дежурный%При выполнении  работ по водоборьбе, очистке лотков, подкюветов, дренажей, прорезей, галерей, штолен дополнительно:%1%0%0%
Хозяйство  пути и сооружений%РАБОЧИЕ%Ремонтник искусственных сооружений %Перчатки резиновые%до износа%При выполнении  работ по водоборьбе, очистке лотков, подкюветов, дренажей, прорезей, галерей, штолен дополнительно:%1%0%0%
Хозяйство  пути и сооружений%РАБОЧИЕ%Ремонтник искусственных сооружений %Перчатки из полимерных материалов%до износа%При выполнении  работ по водоборьбе, очистке лотков, подкюветов, дренажей, прорезей, галерей, штолен дополнительно:%1%0%0%
Хозяйство  пути и сооружений%РАБОЧИЕ%Ремонтник искусственных сооружений %Комплект для защиты от пониженных температур  «Путеец»%по поясам%Зимой дополнительно:%1%36%36%
Хозяйство  пути и сооружений%РАБОЧИЕ%Ремонтник искусственных сооружений %Костюм для защиты от пониженных температур «Механик» %по поясам%Зимой дополнительно:%1%36%36%
Хозяйство  пути и сооружений%РАБОЧИЕ%Ремонтник искусственных сооружений %Шапка-ушанка со звукопроводными вставками%по поясам%Зимой дополнительно:%1%24%24%
Хозяйство  пути и сооружений%РАБОЧИЕ%Ремонтник искусственных сооружений %Подшлемник для защиты от пониженных температур со звукопроводными вставками %по поясам%Зимой дополнительно:%1%24%24%1
Хозяйство  пути и сооружений%РАБОЧИЕ%Ремонтник искусственных сооружений %Шапка трикотажная%1 на 2 года%Зимой дополнительно:%1%24%24%
Хозяйство  пути и сооружений%РАБОЧИЕ%Ремонтник искусственных сооружений %Рукавицы утепленные%по поясам%Зимой дополнительно:%1%6%6%
Хозяйство  пути и сооружений%РАБОЧИЕ%Ремонтник искусственных сооружений %Перчатки утепленные%по поясам%Зимой дополнительно:%1%6%6%
Хозяйство  пути и сооружений%РАБОЧИЕ%Ремонтник искусственных сооружений %Перчатки утепленные с защитным покрытием, нефтеморозостойкие%по поясам%Зимой дополнительно:%1%6%6%
Хозяйство  пути и сооружений%РАБОЧИЕ%Ремонтник искусственных сооружений %Cапоги утепленные юфтевые на нефтеморозостойкой подошве%по поясам%Зимой дополнительно:%1%12%12%
Хозяйство  пути и сооружений%РАБОЧИЕ%Ремонтник искусственных сооружений %Валенки (сапоги валяные) с резиновым низом %по поясам%Зимой дополнительно:%1%12%12%
Хозяйство  пути и сооружений%РАБОЧИЕ%Ремонтник искусственных сооружений %Полушубок%по поясам%В III, IV и особом поясах, а также в Казанском отделении Горьковской железной дороги; Самарском, Ульяновском отделениях Куйбышевской  железной дороги;  Московско – Курском, Московско – Рязанском, Московско – Смоленском отделениях Московской железной дороги; Санкт – Петербургском, Санкт-Петербург – Витебском, Волховстроевском, Московском отделениях Октябрьской железной дороги  дополнительно:%1%60%60%
Хозяйство  пути и сооружений%РАБОЧИЕ%Ремонтник искусственных сооружений %Полупальто на меховой подкладке%по поясам%В III, IV и особом поясах, а также в Казанском отделении Горьковской железной дороги; Самарском, Ульяновском отделениях Куйбышевской  железной дороги;  Московско – Курском, Московско – Рязанском, Московско – Смоленском отделениях Московской железной дороги; Санкт – Петербургском, Санкт-Петербург – Витебском, Волховстроевском, Московском отделениях Октябрьской железной дороги  дополнительно:%1%60%60%
Хозяйство  пути и сооружений%РАБОЧИЕ%Ремонтник искусственных сооружений %Куртка на меховой подкладке%по поясам%В III, IV и особом поясах, а также в Казанском отделении Горьковской железной дороги; Самарском, Ульяновском отделениях Куйбышевской  железной дороги;  Московско – Курском, Московско – Рязанском, Московско – Смоленском отделениях Московской железной дороги; Санкт – Петербургском, Санкт-Петербург – Витебском, Волховстроевском, Московском отделениях Октябрьской железной дороги  дополнительно:%1%60%60%
Хозяйство  пути и сооружений%РАБОЧИЕ%Ремонтник искусственных сооружений %Сапоги кожаные утепленные «СЕВЕР ЖД»%по поясам%В III, IV и особом поясах, а также в Казанском отделении Горьковской железной дороги; Самарском, Ульяновском отделениях Куйбышевской  железной дороги;  Московско – Курском, Московско – Рязанском, Московско – Смоленском отделениях Московской железной дороги; Санкт – Петербургском, Санкт-Петербург – Витебском, Волховстроевском, Московском отделениях Октябрьской железной дороги  дополнительно:%1%36%36%
Хозяйство  пути и сооружений%РАБОЧИЕ%Ремонтник искусственных сооружений %Свитер полушерстяной%1%При выполнении работ на  тоннельных участках дополнительно:%1%12%12%
%%%%%%%%0%
Хозяйство  пути и сооружений%РАБОЧИЕ%Сварщик на машинах контактной (прессовой) сварки %Костюм для сварщика%1%%1%12%12%
Хозяйство  пути и сооружений%РАБОЧИЕ%Сварщик на машинах контактной (прессовой) сварки %Ботинки юфтевые на нитрильной подошве%1 пара%%1%12%12%
Хозяйство  пути и сооружений%РАБОЧИЕ%Сварщик на машинах контактной (прессовой) сварки %Cапоги юфтевые на нитрильной подошве%1 пара%%1%12%12%
Хозяйство  пути и сооружений%РАБОЧИЕ%Сварщик на машинах контактной (прессовой) сварки %Перчатки комбинированные%12 пар%%12%1%12%
Хозяйство  пути и сооружений%РАБОЧИЕ%Сварщик на машинах контактной (прессовой) сварки %Перчатки с полимерным покрытием%12 пар%%12%1%12%
Хозяйство  пути и сооружений%РАБОЧИЕ%Сварщик на машинах контактной (прессовой) сварки %Очки защитные закрытые%до износа%%1%0%0%
%%%%%%%%0%
Хозяйство  пути и сооружений%РАБОЧИЕ%Сигналист%Комплект «Путеец-Л» %1%%1%12%12%
Хозяйство  пути и сооружений%РАБОЧИЕ%Сигналист%Ботинки юфтевые на маслобензостойкой подошве%1 пара  %%1%12%12%
Хозяйство  пути и сооружений%РАБОЧИЕ%Сигналист%Плащ  для защиты от воды%1 на 3 года%%1%36%36%
Хозяйство  пути и сооружений%РАБОЧИЕ%Сигналист%Перчатки комбинированные%12 пар%%12%1%12%
Хозяйство  пути и сооружений%РАБОЧИЕ%Сигналист%Перчатки с полимерным покрытием%12 пар%%12%1%12%
Хозяйство  пути и сооружений%РАБОЧИЕ%Сигналист%Очки защитные открытые%до износа%%1%0%0%
Хозяйство  пути и сооружений%РАБОЧИЕ%Сигналист%Головной убор сигнальный% 1 на 2 года%%1%24%24%
Хозяйство  пути и сооружений%РАБОЧИЕ%Сигналист%Жилет сигнальный 2 класса защиты%2%%2%6%12%
Хозяйство  пути и сооружений%РАБОЧИЕ%Сигналист%Комплект для защиты от пониженных температур  «Путеец»%по поясам%Зимой дополнительно:%1%36%36%
Хозяйство  пути и сооружений%РАБОЧИЕ%Сигналист%Полушубокво II,  III, IV и особом  поясах%по поясам%Зимой дополнительно:%1%60%60%
Хозяйство  пути и сооружений%РАБОЧИЕ%Сигналист%Полупальто на меховой подкладке во II,  III, IV и особом  поясах%по поясам%Зимой дополнительно:%1%60%60%
Хозяйство  пути и сооружений%РАБОЧИЕ%Сигналист%Куртка на меховой подкладке в III, IV и особом поясах  %по поясам%Зимой дополнительно:%1%60%60%
Хозяйство  пути и сооружений%РАБОЧИЕ%Сигналист%Шапка-ушанка со звукопроводными вставками%по поясам%Зимой дополнительно:%1%24%24%
Хозяйство  пути и сооружений%РАБОЧИЕ%Сигналист%Шапка трикотажная%1 на 2 года%Зимой дополнительно:%1%24%24%
Хозяйство  пути и сооружений%РАБОЧИЕ%Сигналист%Рукавицы утепленные%по поясам%Зимой дополнительно:%1%6%6%
Хозяйство  пути и сооружений%РАБОЧИЕ%Сигналист%Перчатки утепленные%по поясам%Зимой дополнительно:%1%6%6%
Хозяйство  пути и сооружений%РАБОЧИЕ%Сигналист%Перчатки утепленные с защитным покрытием, нефтеморозостойкие%по поясам%Зимой дополнительно:%1%6%6%
Хозяйство  пути и сооружений%РАБОЧИЕ%Сигналист%Cапоги утепленные юфтевые на нефтеморозостойкой подошве%по поясам%Зимой дополнительно:в I и II поясах %1%12%12%
Хозяйство  пути и сооружений%РАБОЧИЕ%Сигналист%Сапоги кожаные утепленные «СЕВЕР ЖД» в III, IV и особом поясах%  по поясам%Зимой дополнительно:%1%36%36%
Хозяйство  пути и сооружений%РАБОЧИЕ%Сигналист%Валенки (сапоги валяные) с резиновым низом %по поясам%Зимой дополнительно:в III, IV и особом поясах  %1%12%12%
Хозяйство  пути и сооружений%РАБОЧИЕ%%%%%%%0%
Хозяйство  пути и сооружений%РАБОЧИЕ%Слесарь аварийно-восстановительных работ%Комбинезон для защиты от общих производственных загрязнений и механических воздействий%1%%1%12%12%
Хозяйство  пути и сооружений%РАБОЧИЕ%Слесарь аварийно-восстановительных работ%Костюм «Механик-Л»%1%%1%12%12%
Хозяйство  пути и сооружений%РАБОЧИЕ%Слесарь аварийно-восстановительных работ%Сапоги из поливинилхлоридного пластиката%1 пара%%1%12%12%
Хозяйство  пути и сооружений%РАБОЧИЕ%Слесарь аварийно-восстановительных работ%Ботинки юфтевые на маслобензостойкой подошве%1 пара%%1%12%12%
Хозяйство  пути и сооружений%РАБОЧИЕ%Слесарь аварийно-восстановительных работ%Перчатки резиновые%6 пар%%6%2%12%
Хозяйство  пути и сооружений%РАБОЧИЕ%Слесарь аварийно-восстановительных работ%Перчатки из полимерных материалов%6 пар%%6%2%12%
Хозяйство  пути и сооружений%РАБОЧИЕ%Слесарь аварийно-восстановительных работ%Перчатки с полимерным покрытием%12 пар%%12%1%12%
Хозяйство  пути и сооружений%РАБОЧИЕ%Слесарь аварийно-восстановительных работ%Нарукавники из полимерных материалов%4 пары%%4%3%12%
Хозяйство  пути и сооружений%РАБОЧИЕ%Слесарь аварийно-восстановительных работ%Головной убор сигнальный%1%%1%12%12%
Хозяйство  пути и сооружений%РАБОЧИЕ%Слесарь аварийно-восстановительных работ%Очки защитные открытые%до износа%%1%0%0%
Хозяйство  пути и сооружений%РАБОЧИЕ%Слесарь аварийно-восстановительных работ%Щиток защитный лицевой%до износа%%1%0%0%
Хозяйство  пути и сооружений%РАБОЧИЕ%Слесарь аварийно-восстановительных работ%Жилет сигнальный 2 класса защиты%2%%2%6%12%
Хозяйство  пути и сооружений%РАБОЧИЕ%Слесарь аварийно-восстановительных работ%Костюм для защиты от пониженных температур «Механик»%по поясам%Зимой дополнительно:%1%36%36%
Хозяйство  пути и сооружений%РАБОЧИЕ%Слесарь аварийно-восстановительных работ%Шапка-ушанка со звукопроводными вставками%по поясам%Зимой дополнительно:%1%24%24%
Хозяйство  пути и сооружений%РАБОЧИЕ%Слесарь аварийно-восстановительных работ%Рукавицы утепленные%по поясам%Зимой дополнительно:%1%6%6%
Хозяйство  пути и сооружений%РАБОЧИЕ%Слесарь аварийно-восстановительных работ%Перчатки утепленные%по поясам%Зимой дополнительно:%1%6%6%
Хозяйство  пути и сооружений%РАБОЧИЕ%Слесарь аварийно-восстановительных работ%Перчатки утепленные с защитным покрытием, нефтеморозостойкие%по поясам%Зимой дополнительно:%1%6%6%
Хозяйство  пути и сооружений%РАБОЧИЕ%Слесарь аварийно-восстановительных работ%Cапоги утепленные юфтевые на нефтеморозостойкой подошве в I и II поясах%по поясам%Зимой дополнительно:в I и II поясах %1%12%12%
Хозяйство  пути и сооружений%РАБОЧИЕ%Слесарь аварийно-восстановительных работ%Сапоги кожаные утепленные «СЕВЕР ЖД» в III, IV и особом поясах%  по поясам%Зимой дополнительно:%1%36%36%
Хозяйство  пути и сооружений%РАБОЧИЕ%Слесарь аварийно-восстановительных работ%Валенки (сапоги валяные) с резиновым низомв III, IV и особом поясах %по поясам%Зимой дополнительно:в III, IV и особом поясах  %1%12%12%
%%%%%%%%%
Хозяйство  пути и сооружений%РАБОЧИЕ%Слесарь-инструментальщик%Костюм «Механик-Л»%1%%1%12%12%
Хозяйство  пути и сооружений%РАБОЧИЕ%Слесарь-инструментальщик%Ботинки юфтевые на маслобензостойкой подошве%1 пара%%1%12%12%
Хозяйство  пути и сооружений%РАБОЧИЕ%Слесарь-инструментальщик%Фартук из парусины%1%%1%12%12%
Хозяйство  пути и сооружений%РАБОЧИЕ%Слесарь-инструментальщик%Очки защитные открытые%до износа%%1%%0%
Хозяйство  пути и сооружений%РАБОЧИЕ%Слесарь-инструментальщик%Перчатки комбинированные%6 пар%%6%2%12%
Хозяйство  пути и сооружений%РАБОЧИЕ%Слесарь-инструментальщик%Перчатки с полимерным покрытием%6 пар%%6%2%12%
Хозяйство  пути и сооружений%РАБОЧИЕ%Слесарь по ремонту подвижного состава %Костюм «Механик-Л»%2 на 1,5 года%%2%9%18%
Хозяйство  пути и сооружений%РАБОЧИЕ%Слесарь по ремонту подвижного состава %Ботинки юфтевые на маслобензостойкой подошве% 1 пара на 9 месяцев%%1%9%9%
Хозяйство  пути и сооружений%РАБОЧИЕ%Слесарь по ремонту подвижного состава %Сапоги юфтевые на маслобензостойкой подошве% 1 пара на 9 месяцев%%1%9%9%
Хозяйство  пути и сооружений%РАБОЧИЕ%Слесарь по ремонту подвижного состава %Плащ  для защиты от воды%1 на 3 года%%1%36%36%
Хозяйство  пути и сооружений%РАБОЧИЕ%Слесарь по ремонту подвижного состава %Головной убор сигнальный%1%%1%12%12%
Хозяйство  пути и сооружений%РАБОЧИЕ%Слесарь по ремонту подвижного состава %Перчатки комбинированные%12 пар%%12%1%12%
Хозяйство  пути и сооружений%РАБОЧИЕ%Слесарь по ремонту подвижного состава %Перчатки с полимерным покрытием%12 пар%%12%1%12%
Хозяйство  пути и сооружений%РАБОЧИЕ%Слесарь по ремонту подвижного состава %Очки защитные открытые%до износа%%1%%0%
Хозяйство  пути и сооружений%РАБОЧИЕ%Слесарь по ремонту подвижного состава %Каска защитная%1 на 2 года%%1%24%24%
Хозяйство  пути и сооружений%РАБОЧИЕ%Слесарь по ремонту подвижного состава %Жилет сигнальный 2 класса защиты%4%%4%3%12%
Хозяйство  пути и сооружений%РАБОЧИЕ%Слесарь по ремонту подвижного состава %Комплект для защиты от пониженных температур «Осмотрщик»%по поясам%При работе в неотапливаемых помещенияхна наружных работах зимой дополнительно:%1%48%48%
Хозяйство  пути и сооружений%РАБОЧИЕ%Слесарь по ремонту подвижного состава %Белье нательное утепленное в III, IV и особом поясах к  комплекту для защиты от пониженных температур «Осмотрщик» %по поясам%При работе в неотапливаемых помещенияхна наружных работах зимой дополнительно:%1%12%12%
Хозяйство  пути и сооружений%РАБОЧИЕ%Слесарь по ремонту подвижного состава %Подшлемник для защиты от пониженных температур со звукопроводными вставками%по поясам%При работе в неотапливаемых помещенияхна наружных работах зимой дополнительно:%1%24%24%
Хозяйство  пути и сооружений%РАБОЧИЕ%Слесарь по ремонту подвижного состава %Шапка трикотажная%1 на 2 года%При работе в неотапливаемых помещенияхна наружных работах зимой дополнительно:%1%24%24%
Хозяйство  пути и сооружений%РАБОЧИЕ%Слесарь по ремонту подвижного состава %Рукавицы утепленные%по поясам%При работе в неотапливаемых помещенияхна наружных работах зимой дополнительно:%1%6%6%
Хозяйство  пути и сооружений%РАБОЧИЕ%Слесарь по ремонту подвижного состава %Перчатки утепленные%по поясам%При работе в неотапливаемых помещенияхна наружных работах зимой дополнительно:%1%6%6%
Хозяйство  пути и сооружений%РАБОЧИЕ%Слесарь по ремонту подвижного состава %Перчатки утепленные с защитным покрытием, нефтеморозостойкие%по поясам%При работе в неотапливаемых помещенияхна наружных работах зимой дополнительно:%1%6%6%
Хозяйство  пути и сооружений%РАБОЧИЕ%Слесарь по ремонту подвижного состава %Сапоги юфтевые утепленные на нефтеморозостойкой подошве в I и II поясах%по поясам%При работе в неотапливаемых помещенияхна наружных работах зимой дополнительно:в I и II поясах %1%12%12%
Хозяйство  пути и сооружений%РАБОЧИЕ%Слесарь по ремонту подвижного состава %Сапоги кожаные утепленные «СЕВЕР ЖД» в III, IV и особом поясах%  по поясам%При работе в неотапливаемых помещенияхна наружных работах зимой дополнительно:%1%36%36%
Хозяйство  пути и сооружений%РАБОЧИЕ%Слесарь по ремонту подвижного состава %Валенки (сапоги валяные) с резиновым низомв III, IV и особом поясах  %по поясам%При работе в неотапливаемых помещенияхна наружных работах зимой дополнительно:в III, IV и особом поясах  %1%12%12%
Хозяйство  пути и сооружений%РАБОЧИЕ%Слесарь по ремонту подвижного состава %Перчатки комбинированные%до износа%При выполнении клепальных работ дополнительно:%1%0%0%
Хозяйство  пути и сооружений%РАБОЧИЕ%Слесарь по ремонту подвижного состава %Перчатки кожаные%до износа%При выполнении клепальных работ дополнительно:%1%0%0%
%%%%%%%%0%
Хозяйство  пути и сооружений%РАБОЧИЕ%Слесарь-ремонтник%Костюм «Механик-Л»%1%%1%12%12%
Хозяйство  пути и сооружений%РАБОЧИЕ%Слесарь-ремонтник%Ботинки юфтевые на маслобензостойкой подошвес металлическим подноском%1 пара%%1%12%12%
Хозяйство  пути и сооружений%РАБОЧИЕ%Слесарь-ремонтник%Сапоги юфтевые на маслобензостойкой подошве с металлическим подноском%1 пара%%1%12%12%
Хозяйство  пути и сооружений%РАБОЧИЕ%Слесарь-ремонтник%Плащ  для защиты от воды%1 на 3 года%%1%36%36%
Хозяйство  пути и сооружений%РАБОЧИЕ%Слесарь-ремонтник%Перчатки комбинированные%12 пар%%12%1%12%
Хозяйство  пути и сооружений%РАБОЧИЕ%Слесарь-ремонтник%Перчатки с полимерным покрытием%12 пар%%12%1%12%
Хозяйство  пути и сооружений%РАБОЧИЕ%Слесарь-ремонтник%Перчатки трикотажные%4 пары%%4%3%12%
Хозяйство  пути и сооружений%РАБОЧИЕ%Слесарь-ремонтник%Очки защитные открытые%до износа%%1%0%0%
Хозяйство  пути и сооружений%РАБОЧИЕ%Слесарь-ремонтник%Щиток защитный лицевой%до износа%%1%%0%
Хозяйство  пути и сооружений%РАБОЧИЕ%Слесарь-ремонтник%Каска защитная%1 на 2 года%%1%24%24%
Хозяйство  пути и сооружений%РАБОЧИЕ%Слесарь-ремонтник%Жилет сигнальный 2 класса защиты%2%%2%6%12%
Хозяйство  пути и сооружений%РАБОЧИЕ%Слесарь-ремонтник%Костюм для защиты от воды прорезиненный %  1 на 1,5 года%При выполнении  работ  на  тоннельных участках дополнительно%1%18%18%
Хозяйство  пути и сооружений%РАБОЧИЕ%Слесарь-ремонтник%Комплект для защиты от воды %  1 на 1,5 года%При выполнении  работ  на  тоннельных участках дополнительно%1%18%18%
Хозяйство  пути и сооружений%РАБОЧИЕ%Слесарь-ремонтник%Каска защитная с фонарем шахтерским%1 на 2 года%При выполнении  работ  на  тоннельных участках дополнительно%1%24%24%
Хозяйство  пути и сооружений%РАБОЧИЕ%Слесарь-ремонтник%Наушники противошумные%до износа%При выполнении  работ  на  тоннельных участках дополнительно%%%0%
Хозяйство  пути и сооружений%РАБОЧИЕ%Слесарь-ремонтник%Сапоги резиновые%1 пара%При выполнении  работ  на  тоннельных участках дополнительно%1%12%12%
Хозяйство  пути и сооружений%РАБОЧИЕ%Слесарь-ремонтник%Сапоги резиновыерыбацкие%1 пара%При выполнении  работ  на  тоннельных участках дополнительно%1%12%12%
Хозяйство  пути и сооружений%РАБОЧИЕ%Слесарь-ремонтник%Респиратор противогазоаэрозольный%до износа%При выполнении  работ  на  тоннельных участках дополнительно%1%0%0%
Хозяйство  пути и сооружений%РАБОЧИЕ%Слесарь-ремонтник%Перчатки резиновые%до износа%При выполнении  работ  на  тоннельных участках дополнительно%1%0%0%
Хозяйство  пути и сооружений%РАБОЧИЕ%Слесарь-ремонтник%Перчатки из полимерных материалов% до износа%При выполнении  работ  на  тоннельных участках дополнительно%1%0%0%
Хозяйство  пути и сооружений%РАБОЧИЕ%Слесарь-ремонтник%Противогаз фильтрующий% дежурный%При выполнении  работ  на  тоннельных участках дополнительно%1%0%0%
Хозяйство  пути и сооружений%РАБОЧИЕ%Слесарь-ремонтник%Костюм для защиты от пониженных температур «Механик»      %по поясам%При работе в неотапливаемых помещенияхна наружных работах зимой дополнительно:%1%36%36%
Хозяйство  пути и сооружений%РАБОЧИЕ%Слесарь-ремонтник%Подшлемник для защиты от пониженных температур со звукопроводными вставками%по поясам%При работе в неотапливаемых помещенияхна наружных работах зимой дополнительно:%1%24%24%
Хозяйство  пути и сооружений%РАБОЧИЕ%Слесарь-ремонтник%Шапка-ушанка со звукопроводными вставками%по поясам%При работе в неотапливаемых помещенияхна наружных работах зимой дополнительно:%1%24%24%
Хозяйство  пути и сооружений%РАБОЧИЕ%Слесарь-ремонтник%Рукавицы утепленные%по поясам%При работе в неотапливаемых помещенияхна наружных работах зимой дополнительно:%1%6%6%
Хозяйство  пути и сооружений%РАБОЧИЕ%Слесарь-ремонтник%Перчатки утепленные%по поясам%При работе в неотапливаемых помещенияхна наружных работах зимой дополнительно:%1%6%6%
Хозяйство  пути и сооружений%РАБОЧИЕ%Слесарь-ремонтник%Перчатки утепленные с защитным покрытием, нефтеморозостойкие%по поясам%При работе в неотапливаемых помещенияхна наружных работах зимой дополнительно:%1%6%6%
Хозяйство  пути и сооружений%РАБОЧИЕ%Слесарь-ремонтник%Сапоги юфтевые утепленные на нефтеморозостойкой подошве %по поясам%При работе в неотапливаемых помещенияхна наружных работах зимой дополнительно:%1%12%12%
Хозяйство  пути и сооружений%РАБОЧИЕ%Слесарь-ремонтник%Сапоги  утепленные из поливинилхлоридного пластиката и влагостойкой ткани% %При работе в неотапливаемых помещенияхна наружных работах зимой дополнительно:%1%24%24%
Хозяйство  пути и сооружений%РАБОЧИЕ%Слесарь-ремонтник%Валенки (сапоги валяные) с резиновым низом%по поясам%При работе в неотапливаемых помещенияхна наружных работах зимой дополнительно:%1%12%12%
Хозяйство  пути и сооружений%РАБОЧИЕ%Слесарь-ремонтник%Шапка трикотажная%1 на 2 года%При выполнении  работ  на  тоннельных участках дополнительно:%1%24%24%
Хозяйство  пути и сооружений%РАБОЧИЕ%Слесарь-ремонтник%Свитер полушерстяной%1%При выполнении  работ  на  тоннельных участках дополнительно:%1%12%12%
%%%%%%%%0%
Хозяйство  пути и сооружений%РАБОЧИЕ%Слесарь-электрик по ремонту электрооборудования% Комплект «Путеец-Л»%1%%1%12%12%
Хозяйство  пути и сооружений%РАБОЧИЕ%Слесарь-электрик по ремонту электрооборудования% Костюм «Дефектоскопист-Л»%1%%1%12%12%
Хозяйство  пути и сооружений%РАБОЧИЕ%Слесарь-электрик по ремонту электрооборудования%Ботинки юфтевые на маслобензостойкой подошве%1 пара на 9 месяцев  %%1%9%9%
Хозяйство  пути и сооружений%РАБОЧИЕ%Слесарь-электрик по ремонту электрооборудования%Сапоги юфтевые на маслобензостойкой подошве%1 пара на 9 месяцев%%1%9%9%
Хозяйство  пути и сооружений%РАБОЧИЕ%Слесарь-электрик по ремонту электрооборудования%Плащ  для защиты от воды%1 на 3 года%%1%36%36%
Хозяйство  пути и сооружений%РАБОЧИЕ%Слесарь-электрик по ремонту электрооборудования%Перчатки диэлектрические %дежурные%%1%0%0%
Хозяйство  пути и сооружений%РАБОЧИЕ%Слесарь-электрик по ремонту электрооборудования%Боты диэлектрические%дежурные%%1%0%0%
Хозяйство  пути и сооружений%РАБОЧИЕ%Слесарь-электрик по ремонту электрооборудования%Перчатки  комбинированные %6 пар%%6%2%12%
Хозяйство  пути и сооружений%РАБОЧИЕ%Слесарь-электрик по ремонту электрооборудования%Перчатки с полимерным покрытием%6 пар%%6%2%12%
Хозяйство  пути и сооружений%РАБОЧИЕ%Слесарь-электрик по ремонту электрооборудования% Перчатки трикотажные %8  пар%%8%1,5%12%
Хозяйство  пути и сооружений%РАБОЧИЕ%Слесарь-электрик по ремонту электрооборудования%Очки защитные открытые%до износа%%1%0%0%
Хозяйство  пути и сооружений%РАБОЧИЕ%Слесарь-электрик по ремонту электрооборудования%Щиток защитный лицевой% до износа%%1%0%0%
Хозяйство  пути и сооружений%РАБОЧИЕ%Слесарь-электрик по ремонту электрооборудования%Жилет сигнальный 2 класса защиты%1%%1%12%12%
Хозяйство  пути и сооружений%РАБОЧИЕ%Слесарь-электрик по ремонту электрооборудования%Каска защитнаяс фонарем шахтерским%1 на 2 года%При выполнении  работ на  тоннельных участках дополнительно: При выполнении  работ на  тоннельных участках дополнительно: При выполнении  работ на  тоннельных участках дополнительно: %1%24%24%
Хозяйство  пути и сооружений%РАБОЧИЕ%Слесарь-электрик по ремонту электрооборудования%Наушники противошумные%до износа%При выполнении  работ на  тоннельных участках дополнительно: При выполнении  работ на  тоннельных участках дополнительно: При выполнении  работ на  тоннельных участках дополнительно: %1%%0%
Хозяйство  пути и сооружений%РАБОЧИЕ%Слесарь-электрик по ремонту электрооборудования%Сапоги резиновые%1 пара%При выполнении  работ на  тоннельных участках дополнительно: При выполнении  работ на  тоннельных участках дополнительно: При выполнении  работ на  тоннельных участках дополнительно: %1%12%12%
Хозяйство  пути и сооружений%РАБОЧИЕ%Слесарь-электрик по ремонту электрооборудования%Сапоги резиновыерыбацкие%1 пара%При выполнении  работ на  тоннельных участках дополнительно: При выполнении  работ на  тоннельных участках дополнительно: При выполнении  работ на  тоннельных участках дополнительно: %1%12%12%
Хозяйство  пути и сооружений%РАБОЧИЕ%Слесарь-электрик по ремонту электрооборудования%Респиратор противогазоаэрозольный%до износа%При выполнении  работ на  тоннельных участках дополнительно: При выполнении  работ на  тоннельных участках дополнительно: При выполнении  работ на  тоннельных участках дополнительно: %1%0%0%
Хозяйство  пути и сооружений%РАБОЧИЕ%Слесарь-электрик по ремонту электрооборудования%Противогаз фильтрующий% дежурный%При выполнении  работ на  тоннельных участках дополнительно: При выполнении  работ на  тоннельных участках дополнительно: При выполнении  работ на  тоннельных участках дополнительно: %1%0%0%
Хозяйство  пути и сооружений%РАБОЧИЕ%Слесарь-электрик по ремонту электрооборудования%Комплект для защиты от пониженных температур  «Путеец»%по поясам%При работе в неотапливаемых помещенияхна наружных работах зимой дополнительно:%1%36%36%
Хозяйство  пути и сооружений%РАБОЧИЕ%Слесарь-электрик по ремонту электрооборудования%Костюм для защиты от пониженных температур «Дефектоскопист»%по поясам%При работе в неотапливаемых помещенияхна наружных работах зимой дополнительно:%1%36%36%
Хозяйство  пути и сооружений%РАБОЧИЕ%Слесарь-электрик по ремонту электрооборудования%Шапка-ушанка со звукопроводными вставками%по поясам%При работе в неотапливаемых помещенияхна наружных работах зимой дополнительно:%1%24%24%
Хозяйство  пути и сооружений%РАБОЧИЕ%Слесарь-электрик по ремонту электрооборудования%Шапка трикотажная%1 на 2 года%При работе в неотапливаемых помещенияхна наружных работах зимой дополнительно:%1%24%24%
Хозяйство  пути и сооружений%РАБОЧИЕ%Слесарь-электрик по ремонту электрооборудования%Рукавицы утепленные%по поясам%При работе в неотапливаемых помещенияхна наружных работах зимой дополнительно:%1%6%6%
Хозяйство  пути и сооружений%РАБОЧИЕ%Слесарь-электрик по ремонту электрооборудования%Перчатки утепленные%по поясам%При работе в неотапливаемых помещенияхна наружных работах зимой дополнительно:%1%6%6%
Хозяйство  пути и сооружений%РАБОЧИЕ%Слесарь-электрик по ремонту электрооборудования%Сапоги юфтевые утепленные на нефтеморозостойкой подошве %по поясам%При работе в неотапливаемых помещенияхна наружных работах зимой дополнительно:%1%12%12%
Хозяйство  пути и сооружений%РАБОЧИЕ%Слесарь-электрик по ремонту электрооборудования%Сапоги утепленные из поливинилхлоридного пластиката и влагостойкой ткани% %При работе в неотапливаемых помещенияхна наружных работах зимой дополнительно:%1%24%24%
Хозяйство  пути и сооружений%РАБОЧИЕ%Слесарь-электрик по ремонту электрооборудования%Валенки (сапоги валяные) с резиновым низом%по поясам%При работе в неотапливаемых помещенияхна наружных работах зимой дополнительно:%1%12%12%
Хозяйство  пути и сооружений%РАБОЧИЕ%Слесарь-электрик по ремонту электрооборудования%Полушубок%по поясам%При выполнении  работ на  тоннельных участках дополнительно:%1%60%60%
Хозяйство  пути и сооружений%РАБОЧИЕ%Слесарь-электрик по ремонту электрооборудования%Полупальто на меховой подкладке%по поясам%При выполнении  работ на  тоннельных участках дополнительно:%1%60%60%
Хозяйство  пути и сооружений%РАБОЧИЕ%Слесарь-электрик по ремонту электрооборудования%Куртка на меховой подкладке%по поясам%При выполнении  работ на  тоннельных участках дополнительно:%1%60%60%
Хозяйство  пути и сооружений%РАБОЧИЕ%Слесарь-электрик по ремонту электрооборудования%Подшлемник для защиты от пониженных температур со звукопроводными вставками%%При выполнении  работ на  тоннельных участках дополнительно:%1%24%24%
Хозяйство  пути и сооружений%РАБОЧИЕ%Слесарь-электрик по ремонту электрооборудования%Свитер полушерстяной%1%При выполнении  работ на  тоннельных участках дополнительно:%1%12%12%
%%%%%%%%0%
Хозяйство  пути и сооружений%РАБОЧИЕ%Составитель поездов%Комплект «Движенец-Л»%1%%1%12%12%
Хозяйство  пути и сооружений%РАБОЧИЕ%Составитель поездов%Комплект для защиты от воды %1 на 3 года%%1%36%36%
Хозяйство  пути и сооружений%РАБОЧИЕ%Составитель поездов%Ботинки юфтевые на маслобензостойкой подошве%1 пара%%1%36%36%
Хозяйство  пути и сооружений%РАБОЧИЕ%Составитель поездов%Сапоги юфтевые на маслобензостойкой подошве%1 пара%%1%36%36%
Хозяйство  пути и сооружений%РАБОЧИЕ%Составитель поездов%Перчатки комбинированные%12 пар%%12%1%12%
Хозяйство  пути и сооружений%РАБОЧИЕ%Составитель поездов%Перчатки с полимерным покрытием%12 пар%%12%1%12%
Хозяйство  пути и сооружений%РАБОЧИЕ%Составитель поездов%Жилет сигнальный 2 класса защиты%4%%4%3%12%
Хозяйство  пути и сооружений%РАБОЧИЕ%Составитель поездов%Комплект для защиты от пониженных температур «Движенец»%по поясам%Зимой дополнительно:%1%36%36%
Хозяйство  пути и сооружений%РАБОЧИЕ%Составитель поездов%Полушубок%по поясам%Зимой дополнительно:%1%60%60%
Хозяйство  пути и сооружений%РАБОЧИЕ%Составитель поездов%Полупальто на меховой подкладке, %по поясам%Зимой дополнительно:%1%60%60%
Хозяйство  пути и сооружений%РАБОЧИЕ%Составитель поездов%Куртка на меховой подкладке%по поясам%Зимой дополнительно:%1%60%60%
Хозяйство  пути и сооружений%РАБОЧИЕ%Составитель поездов%Шапка-ушанка со звукопроводными вставками%по поясам%Зимой дополнительно:%1%24%24%
Хозяйство  пути и сооружений%РАБОЧИЕ%Составитель поездов%Шапка трикотажная%1 на 2 года%Зимой дополнительно:%1%24%24%
Хозяйство  пути и сооружений%РАБОЧИЕ%Составитель поездов%Рукавицы утепленные%по поясам%Зимой дополнительно:%1%6%6%
Хозяйство  пути и сооружений%РАБОЧИЕ%Составитель поездов%Перчатки утепленные%по поясам%Зимой дополнительно:%1%6%6%
Хозяйство  пути и сооружений%РАБОЧИЕ%Составитель поездов%Перчатки с защитным покрытием, нефтеморозостойкие%по поясам%Зимой дополнительно:%1%6%6%
Хозяйство  пути и сооружений%РАБОЧИЕ%Составитель поездов%Cапоги утепленные юфтевые на нефтеморозостойкой подошвев I и II поясах  %по поясам%Зимой дополнительно:в I и II поясах %1%12%12%
Хозяйство  пути и сооружений%РАБОЧИЕ%Составитель поездов%Сапоги  кожаные  утепленные «СЕВЕР ЖД» в III, IV и особом поясах%  по поясам%Зимой дополнительно:%1%36%36%
Хозяйство  пути и сооружений%РАБОЧИЕ%Составитель поездов%Валенки (сапоги валяные) с резиновым низомв III, IV и особом поясах %по поясам%Зимой дополнительно:в III, IV и особом поясах  %1%12%12%
%%%%%%%%0%
Хозяйство  пути и сооружений%РАБОЧИЕ%Станционный рабочий%Костюм «Дефектоскопист-Л»%1%%1%12%12%
Хозяйство  пути и сооружений%РАБОЧИЕ%Станционный рабочий%Ботинки юфтевые на маслобензостойкой подошве%1 пара%%1%12%12%
Хозяйство  пути и сооружений%РАБОЧИЕ%Станционный рабочий%Сапоги юфтевые на маслобензостойкой подошве%1 пара%%1%12%12%
Хозяйство  пути и сооружений%РАБОЧИЕ%Станционный рабочий%Плащ  для защиты от воды%1 на 3 года%%1%36%36%
Хозяйство  пути и сооружений%РАБОЧИЕ%Станционный рабочий%Перчатки комбинированные%12 пар%%12%1%12%
Хозяйство  пути и сооружений%РАБОЧИЕ%Станционный рабочий%Перчатки с полимерным покрытием%12 пар%%12%1%12%
Хозяйство  пути и сооружений%РАБОЧИЕ%Станционный рабочий%Жилет сигнальный 2 класса защиты%2%%2%6%12%
Хозяйство  пути и сооружений%РАБОЧИЕ%Станционный рабочий%Костюм для защиты от пониженных температур «Дефектоскопист»%по поясам%Зимой дополнительно:%1%36%36%
Хозяйство  пути и сооружений%РАБОЧИЕ%Станционный рабочий%Шапка-ушанка со звукопроводными вставками%по поясам%Зимой дополнительно:%1%24%24%
Хозяйство  пути и сооружений%РАБОЧИЕ%Станционный рабочий%Рукавицы утепленные%по поясам%Зимой дополнительно:%1%6%6%
Хозяйство  пути и сооружений%РАБОЧИЕ%Станционный рабочий%Перчатки утепленные%по поясам%Зимой дополнительно:%1%6%6%
Хозяйство  пути и сооружений%РАБОЧИЕ%Станционный рабочий%Перчатки утепленные с защитным покрытием, нефтеморозостойкие%по поясам%Зимой дополнительно:%1%6%6%
Хозяйство  пути и сооружений%РАБОЧИЕ%Станционный рабочий%Cапоги утепленные юфтевые на нефтеморозостойкой подошве%по поясам%Зимой дополнительно:%1%12%12%
Хозяйство  пути и сооружений%РАБОЧИЕ%Станционный рабочий%Валенки (сапоги валяные) с резиновым низом %по поясам%Зимой дополнительно:%1%12%12%
Хозяйство  пути и сооружений%РАБОЧИЕ%%Очки защитные открытые%до износа%При выполнении  работ по обслуживанию  водогрейного котла на станциях  дополнительно:%1%%0%
%%%%%%%%0%
Хозяйство  пути и сооружений%РАБОЧИЕ%Стропальщик; такелажник%Костюм «Механизатор-Л» %  1 на 9 месяцев%%1%9%9%
Хозяйство  пути и сооружений%РАБОЧИЕ%Стропальщик; такелажник%Ботинки юфтевые на маслобензостойкой подошвес металлическим подноском% 1 пара на 9 месяцев %%1%9%9%
Хозяйство  пути и сооружений%РАБОЧИЕ%Стропальщик; такелажник% Плащ  для защиты от воды%1 на 2 года%%1%24%24%
Хозяйство  пути и сооружений%РАБОЧИЕ%Стропальщик; такелажник%Перчатки комбинированные%12 пар%%12%1%12%
Хозяйство  пути и сооружений%РАБОЧИЕ%Стропальщик; такелажник%Перчатки с полимерным покрытием%12 пар%%12%1%12%
Хозяйство  пути и сооружений%РАБОЧИЕ%Стропальщик; такелажник%Перчатки трикотажные%6 пар%%6%2%12%
Хозяйство  пути и сооружений%РАБОЧИЕ%Стропальщик; такелажник%Каска защитная%1 на 2 года%%1%12%12%
Хозяйство  пути и сооружений%РАБОЧИЕ%Стропальщик; такелажник%Жилет сигнальный 2 класса защиты%2%%2%6%12%
Хозяйство  пути и сооружений%РАБОЧИЕ%Стропальщик; такелажник%Костюм для защиты от пониженных температур «Механизатор»%по поясам%Зимой дополнительно:%1%36%36%
Хозяйство  пути и сооружений%РАБОЧИЕ%Стропальщик; такелажник%Подшлемник для защиты от пониженных температур со звукопроводными вставками%по поясам%Зимой дополнительно:%1%24%24%
Хозяйство  пути и сооружений%РАБОЧИЕ%Стропальщик; такелажник%Шапка трикотажная%1 на 2 года%Зимой дополнительно:%1%24%24%
Хозяйство  пути и сооружений%РАБОЧИЕ%Стропальщик; такелажник%Рукавицы утепленные%по поясам%Зимой дополнительно:%1%6%6%
Хозяйство  пути и сооружений%РАБОЧИЕ%Стропальщик; такелажник%Перчатки утепленные%по поясам%Зимой дополнительно:%1%6%6%
Хозяйство  пути и сооружений%РАБОЧИЕ%Стропальщик; такелажник%Перчатки утепленные с защитным покрытием, нефтеморозостойкие%по поясам%Зимой дополнительно:%1%6%6%
Хозяйство  пути и сооружений%РАБОЧИЕ%Стропальщик; такелажник%Сапоги юфтевые утепленные на нефтеморозостойкой подошве%по поясам%Зимой дополнительно:%1%12%12%
Хозяйство  пути и сооружений%РАБОЧИЕ%Стропальщик; такелажник%Валенки (сапоги валяные) с резиновым низом%по поясам%Зимой дополнительно:%1%12%12%
Хозяйство  пути и сооружений%РАБОЧИЕ%Стропальщик; такелажник%Полупальто на меховой подкладке%по поясам%В III , IV и особом поясах дополнительно:%1%60%60%
Хозяйство  пути и сооружений%РАБОЧИЕ%Стропальщик; такелажник%Куртка на меховой подкладке%по поясам%В III , IV и особом поясах дополнительно:%1%60%60%
Хозяйство  пути и сооружений%РАБОЧИЕ%Стропальщик; такелажник%Сапоги кожаные утепленные «СЕВЕР ЖД»%  по поясам%В III , IV и особом поясах дополнительно:%1%36%36%
%%%%%%%%0%
Хозяйство  пути и сооружений%РАБОЧИЕ%Термист на установках ТВЧ (тока высокой чистоты); шлифовщик%Костюм для защиты от общих производственных загрязнений и механических воздействий%1%%1%12%12%
Хозяйство  пути и сооружений%РАБОЧИЕ%Термист на установках ТВЧ (тока высокой чистоты); шлифовщик%Ботинки юфтевые на маслобензостойкой подошве%1 пара%%1%12%12%
Хозяйство  пути и сооружений%РАБОЧИЕ%Термист на установках ТВЧ (тока высокой чистоты); шлифовщик%Перчатки комбинированные%12 пар%%12%1%12%
Хозяйство  пути и сооружений%РАБОЧИЕ%Термист на установках ТВЧ (тока высокой чистоты); шлифовщик%Перчатки с полимерным покрытием%12 пар%%12%1%12%
Хозяйство  пути и сооружений%РАБОЧИЕ%Термист на установках ТВЧ (тока высокой чистоты); шлифовщик%Очки защитные закрытые%до износа%%1%0%0%
Хозяйство  пути и сооружений%РАБОЧИЕ%Термист на установках ТВЧ (тока высокой чистоты); шлифовщик%Щиток защитный лицевой%до износа%%1%0%0%
Хозяйство  пути и сооружений%РАБОЧИЕ%Термист на установках ТВЧ (тока высокой чистоты); шлифовщик%Боты диэлектрические%дежурные%%1%0%0%
Хозяйство  пути и сооружений%РАБОЧИЕ%Термист на установках ТВЧ (тока высокой чистоты); шлифовщик%Жилет сигнальный 2 класса защиты%2%%2%6%12%
Хозяйство  пути и сооружений%РАБОЧИЕ%Термист на установках ТВЧ (тока высокой чистоты); шлифовщик%Костюм для защиты от пониженных температур «Механизатор»%по поясам%При работе в неотапливаемых помещенияхна наружных работах зимой дополнительно:%1%36%36%
Хозяйство  пути и сооружений%РАБОЧИЕ%Термист на установках ТВЧ (тока высокой чистоты); шлифовщик%Шапка-ушанка со звукопроводными вставками%по поясам%При работе в неотапливаемых помещенияхна наружных работах зимой дополнительно:%1%24%24%
Хозяйство  пути и сооружений%РАБОЧИЕ%Термист на установках ТВЧ (тока высокой чистоты); шлифовщик%Сапоги юфтевые утепленные на нефтеморозостойкой подошве%по поясам%При работе в неотапливаемых помещенияхна наружных работах зимой дополнительно:%1%12%12%
Хозяйство  пути и сооружений%РАБОЧИЕ%Термист на установках ТВЧ (тока высокой чистоты); шлифовщик%Валенки (сапоги валяные) с резиновым низом %по поясам%При работе в неотапливаемых помещенияхна наружных работах зимой дополнительно:%1%12%12%
%%%%%%%%0%
Хозяйство  пути и сооружений%РАБОЧИЕ%Чистильщик; чистильщик металла, отливок, изделий и деталей%Костюм для защиты от кислот%1%%1%12%12%
Хозяйство  пути и сооружений%РАБОЧИЕ%Чистильщик; чистильщик металла, отливок, изделий и деталей%Ботинки юфтевые на маслобензостойкой подошве%1 пара%%1%12%12%
Хозяйство  пути и сооружений%РАБОЧИЕ%Чистильщик; чистильщик металла, отливок, изделий и деталей%Сапоги из поливинилхлоридного пластиката%1 пара%%1%12%12%
Хозяйство  пути и сооружений%РАБОЧИЕ%Чистильщик; чистильщик металла, отливок, изделий и деталей%Фартук из парусины%2%%2%6%12%
Хозяйство  пути и сооружений%РАБОЧИЕ%Чистильщик; чистильщик металла, отливок, изделий и деталей%Перчатки комбинированные%12 пар%%12%1%12%
Хозяйство  пути и сооружений%РАБОЧИЕ%Чистильщик; чистильщик металла, отливок, изделий и деталей%Перчатки с полимерным покрытием%12 пар%%12%1%12%
Хозяйство  пути и сооружений%РАБОЧИЕ%Чистильщик; чистильщик металла, отливок, изделий и деталей%Очки защитные закрытые%до износа%%1%0%0%
Хозяйство  пути и сооружений%РАБОЧИЕ%Чистильщик; чистильщик металла, отливок, изделий и деталей%Щиток защитный лицевой%до износа%%1%0%0%
Хозяйство  пути и сооружений%РАБОЧИЕ%Чистильщик; чистильщик металла, отливок, изделий и деталей%Респиратор противогазоаэрозольный%до износа%%1%0%0%
Хозяйство  пути и сооружений%РАБОЧИЕ%Чистильщик; чистильщик металла, отливок, изделий и деталей%Полумаска со сменными противогазоаэрозольными фильтрами%до износа%%1%0%0%
Хозяйство  пути и сооружений%РАБОЧИЕ%Чистильщик; чистильщик металла, отливок, изделий и деталей%Перчатки резиновые%до износа%При выполнении работ с едкими веществами (щелочами, керосином, ацетоном и др.) дополнительно:%1%0%0%
Хозяйство  пути и сооружений%РАБОЧИЕ%Чистильщик; чистильщик металла, отливок, изделий и деталей%Перчатки из полимерных материалов%до износа%При выполнении работ с едкими веществами (щелочами, керосином, ацетоном и др.) дополнительно:%1%0%0%
Хозяйство  пути и сооружений%РАБОЧИЕ%Чистильщик; чистильщик металла, отливок, изделий и деталей%Нарукавники прорезиненные%до износа%При выполнении работ с едкими веществами (щелочами, керосином, ацетоном и др.) дополнительно:%1%0%0%
Хозяйство  пути и сооружений%РАБОЧИЕ%Чистильщик; чистильщик металла, отливок, изделий и деталей%%до износа%При выполнении работ с едкими веществами (щелочами, керосином, ацетоном и др.) дополнительно:%1%0%0%
Хозяйство  пути и сооружений%РАБОЧИЕ%Чистильщик; чистильщик металла, отливок, изделий и деталей%Костюм для защиты от пониженных температур «Механик»%по поясам%При работе в неотапливаемых помещенияхна наружных работах зимой дополнительно:%1%36%36%
Хозяйство  пути и сооружений%РАБОЧИЕ%Чистильщик; чистильщик металла, отливок, изделий и деталей%Шапка-ушанка со звукопроводными вставками%по поясам%При работе в неотапливаемых помещенияхна наружных работах зимой дополнительно:%1%24%24%
Хозяйство  пути и сооружений%РАБОЧИЕ%Чистильщик; чистильщик металла, отливок, изделий и деталей%Сапоги юфтевые утепленные на нефтеморозостойкой подошве в I и  II поясах%по поясам%При работе в неотапливаемых помещенияхна наружных работах зимой дополнительно:в I и II поясах %1%12%12%
Хозяйство  пути и сооружений%РАБОЧИЕ%Чистильщик; чистильщик металла, отливок, изделий и деталей%Валенки (сапоги валяные)%по поясам%При работе в неотапливаемых помещенияхна наружных работах зимой дополнительно:%1%12%12%
Хозяйство  пути и сооружений%РАБОЧИЕ%Чистильщик; чистильщик металла, отливок, изделий и деталей%Галоши на валенки (сапоги валяные) %  1 пара на 2 года%При работе в неотапливаемых помещенияхна наружных работах зимой дополнительно:%1%24%24%
%%%%%%%%0%
Хозяйство  пути и сооружений%РАБОЧИЕ%Штамповщик%Костюм «Механик-Л»»%1%%1%12%12%
Хозяйство  пути и сооружений%РАБОЧИЕ%Штамповщик%Ботинки юфтевые на термополиуретановой подошве%1 пара%%1%12%12%
Хозяйство  пути и сооружений%РАБОЧИЕ%Штамповщик%Фартук из хлопчатобумажной ткани с водоотталкивающей пропиткой%2%%2%6%12%
Хозяйство  пути и сооружений%РАБОЧИЕ%Штамповщик%Перчатки комбинированные%12 пар%%12%1%12%
Хозяйство  пути и сооружений%РАБОЧИЕ%Штамповщик%Перчатки с полимерным покрытием%12 пар%%12%1%12%
Хозяйство  пути и сооружений%РАБОЧИЕ%Штамповщик%Очки защитные открытые%до износа%%1%%0%
%%%%%%%%0%
Хозяйство  пути и сооружений%РУКОВОДИТЕЛИ И СПЕЦИАЛИСТЫ%Главный инженер дистанции пути; главный инженер путевой машинной станции; начальник дистанции пути; заместитель начальника дистанции пути; начальник путевой машинной станции; заместитель начальника путевой машинной станции; начальник механической мастерской; главный механик; главный инженер, главный метролог  дорожного предприятия по контролю и диагностике пути, дистанции защитных лесонасаждений механизированной дистанции пути; начальник технического отдела %Костюм «Механик-Л»%1%При выполнении работ непосредственно на производственных участках:%1%12%12%
Хозяйство  пути и сооружений%РУКОВОДИТЕЛИ И СПЕЦИАЛИСТЫ%Главный инженер дистанции пути; главный инженер путевой машинной станции; начальник дистанции пути; заместитель начальника дистанции пути; начальник путевой машинной станции; заместитель начальника путевой машинной станции; начальник механической мастерской; главный механик; главный инженер, главный метролог  дорожного предприятия по контролю и диагностике пути, дистанции защитных лесонасаждений механизированной дистанции пути; начальник технического отдела %Ботинки юфтевые на маслобензостойкой подошве%1 пара на 2 года%При выполнении работ непосредственно на производственных участках:%1%24%24%
Хозяйство  пути и сооружений%РУКОВОДИТЕЛИ И СПЕЦИАЛИСТЫ%Главный инженер дистанции пути; главный инженер путевой машинной станции; начальник дистанции пути; заместитель начальника дистанции пути; начальник путевой машинной станции; заместитель начальника путевой машинной станции; начальник механической мастерской; главный механик; главный инженер, главный метролог  дорожного предприятия по контролю и диагностике пути, дистанции защитных лесонасаждений механизированной дистанции пути; начальник технического отдела %Сапоги юфтевые на маслобензостойкой подошве%1 пара на 2 года%При выполнении работ непосредственно на производственных участках:%1%12%12%
Хозяйство  пути и сооружений%РУКОВОДИТЕЛИ И СПЕЦИАЛИСТЫ%Главный инженер дистанции пути; главный инженер путевой машинной станции; начальник дистанции пути; заместитель начальника дистанции пути; начальник путевой машинной станции; заместитель начальника путевой машинной станции; начальник механической мастерской; главный механик; главный инженер, главный метролог  дорожного предприятия по контролю и диагностике пути, дистанции защитных лесонасаждений механизированной дистанции пути; начальник технического отдела %Плащ  для защиты от воды%1 на 3 года%При выполнении работ непосредственно на производственных участках:%1%36%36%
Хозяйство  пути и сооружений%РУКОВОДИТЕЛИ И СПЕЦИАЛИСТЫ%Главный инженер дистанции пути; главный инженер путевой машинной станции; начальник дистанции пути; заместитель начальника дистанции пути; начальник путевой машинной станции; заместитель начальника путевой машинной станции; начальник механической мастерской; главный механик; главный инженер, главный метролог  дорожного предприятия по контролю и диагностике пути, дистанции защитных лесонасаждений механизированной дистанции пути; начальник технического отдела %Перчатки комбинированные%6 пар%При выполнении работ непосредственно на производственных участках:%6%2%12%
Хозяйство  пути и сооружений%РУКОВОДИТЕЛИ И СПЕЦИАЛИСТЫ%Главный инженер дистанции пути; главный инженер путевой машинной станции; начальник дистанции пути; заместитель начальника дистанции пути; начальник путевой машинной станции; заместитель начальника путевой машинной станции; начальник механической мастерской; главный механик; главный инженер, главный метролог  дорожного предприятия по контролю и диагностике пути, дистанции защитных лесонасаждений механизированной дистанции пути; начальник технического отдела %Перчатки с полимерным покрытием%6 пар%При выполнении работ непосредственно на производственных участках:%6%2%12%
Хозяйство  пути и сооружений%РУКОВОДИТЕЛИ И СПЕЦИАЛИСТЫ%Главный инженер дистанции пути; главный инженер путевой машинной станции; начальник дистанции пути; заместитель начальника дистанции пути; начальник путевой машинной станции; заместитель начальника путевой машинной станции; начальник механической мастерской; главный механик; главный инженер, главный метролог  дорожного предприятия по контролю и диагностике пути, дистанции защитных лесонасаждений механизированной дистанции пути; начальник технического отдела %Каска защитная%1 на 2 года%При выполнении работ непосредственно на производственных участках:%1%24%24%
Хозяйство  пути и сооружений%РУКОВОДИТЕЛИ И СПЕЦИАЛИСТЫ%Главный инженер дистанции пути; главный инженер путевой машинной станции; начальник дистанции пути; заместитель начальника дистанции пути; начальник путевой машинной станции; заместитель начальника путевой машинной станции; начальник механической мастерской; главный механик; главный инженер, главный метролог  дорожного предприятия по контролю и диагностике пути, дистанции защитных лесонасаждений механизированной дистанции пути; начальник технического отдела %Жилет сигнальный 2 класса защиты%1 на 2 года%При выполнении работ непосредственно на производственных участках:%1%24%24%
Хозяйство  пути и сооружений%РУКОВОДИТЕЛИ И СПЕЦИАЛИСТЫ%Главный инженер дистанции пути; главный инженер путевой машинной станции; начальник дистанции пути; заместитель начальника дистанции пути; начальник путевой машинной станции; заместитель начальника путевой машинной станции; начальник механической мастерской; главный механик; главный инженер, главный метролог  дорожного предприятия по контролю и диагностике пути, дистанции защитных лесонасаждений механизированной дистанции пути; начальник технического отдела %Комплект для защиты от пониженных температур  «Путеец» в I и  II поясах%по поясам%Зимой дополнительно:%1%36%36%
Хозяйство  пути и сооружений%РУКОВОДИТЕЛИ И СПЕЦИАЛИСТЫ%Главный инженер дистанции пути; главный инженер путевой машинной станции; начальник дистанции пути; заместитель начальника дистанции пути; начальник путевой машинной станции; заместитель начальника путевой машинной станции; начальник механической мастерской; главный механик; главный инженер, главный метролог  дорожного предприятия по контролю и диагностике пути, дистанции защитных лесонасаждений механизированной дистанции пути; начальник технического отдела %Костюм для защиты от пониженных температур «Механик» в I и  II поясах %по поясам%Зимой дополнительно:%1%36%36%
Хозяйство  пути и сооружений%РУКОВОДИТЕЛИ И СПЕЦИАЛИСТЫ%Главный инженер дистанции пути; главный инженер путевой машинной станции; начальник дистанции пути; заместитель начальника дистанции пути; начальник путевой машинной станции; заместитель начальника путевой машинной станции; начальник механической мастерской; главный механик; главный инженер, главный метролог  дорожного предприятия по контролю и диагностике пути, дистанции защитных лесонасаждений механизированной дистанции пути; начальник технического отдела %Шапка-ушанка со звукопроводными вставками%по поясам%Зимой дополнительно:%1%24%24%
Хозяйство  пути и сооружений%РУКОВОДИТЕЛИ И СПЕЦИАЛИСТЫ%Главный инженер дистанции пути; главный инженер путевой машинной станции; начальник дистанции пути; заместитель начальника дистанции пути; начальник путевой машинной станции; заместитель начальника путевой машинной станции; начальник механической мастерской; главный механик; главный инженер, главный метролог  дорожного предприятия по контролю и диагностике пути, дистанции защитных лесонасаждений механизированной дистанции пути; начальник технического отдела %Подшлемник для защиты от пониженных температур со звукопроводными вставками%по поясам%Зимой дополнительно:%1%24%24%
Хозяйство  пути и сооружений%РУКОВОДИТЕЛИ И СПЕЦИАЛИСТЫ%Главный инженер дистанции пути; главный инженер путевой машинной станции; начальник дистанции пути; заместитель начальника дистанции пути; начальник путевой машинной станции; заместитель начальника путевой машинной станции; начальник механической мастерской; главный механик; главный инженер, главный метролог  дорожного предприятия по контролю и диагностике пути, дистанции защитных лесонасаждений механизированной дистанции пути; начальник технического отдела %Рукавицы утепленные%по поясам%Зимой дополнительно:%1%6%6%
Хозяйство  пути и сооружений%РУКОВОДИТЕЛИ И СПЕЦИАЛИСТЫ%Главный инженер дистанции пути; главный инженер путевой машинной станции; начальник дистанции пути; заместитель начальника дистанции пути; начальник путевой машинной станции; заместитель начальника путевой машинной станции; начальник механической мастерской; главный механик; главный инженер, главный метролог  дорожного предприятия по контролю и диагностике пути, дистанции защитных лесонасаждений механизированной дистанции пути; начальник технического отдела %Перчатки утепленные%по поясам%Зимой дополнительно:%1%6%6%
Хозяйство  пути и сооружений%РУКОВОДИТЕЛИ И СПЕЦИАЛИСТЫ%Главный инженер дистанции пути; главный инженер путевой машинной станции; начальник дистанции пути; заместитель начальника дистанции пути; начальник путевой машинной станции; заместитель начальника путевой машинной станции; начальник механической мастерской; главный механик; главный инженер, главный метролог  дорожного предприятия по контролю и диагностике пути, дистанции защитных лесонасаждений механизированной дистанции пути; начальник технического отдела %Cапоги утепленные юфтевые на нефтеморозостойкой подошве%по поясам%Зимой дополнительно:%%%0%
Хозяйство  пути и сооружений%РУКОВОДИТЕЛИ И СПЕЦИАЛИСТЫ%Главный инженер дистанции пути; главный инженер путевой машинной станции; начальник дистанции пути; заместитель начальника дистанции пути; начальник путевой машинной станции; заместитель начальника путевой машинной станции; начальник механической мастерской; главный механик; главный инженер, главный метролог  дорожного предприятия по контролю и диагностике пути, дистанции защитных лесонасаждений механизированной дистанции пути; начальник технического отдела %Валенки (сапоги валяные) с резиновым низом %по поясам%Зимой дополнительно:%1%12%12%
Хозяйство  пути и сооружений%РУКОВОДИТЕЛИ И СПЕЦИАЛИСТЫ%Главный инженер дистанции пути; главный инженер путевой машинной станции; начальник дистанции пути; заместитель начальника дистанции пути; начальник путевой машинной станции; заместитель начальника путевой машинной станции; начальник механической мастерской; главный механик; главный инженер, главный метролог  дорожного предприятия по контролю и диагностике пути, дистанции защитных лесонасаждений механизированной дистанции пути; начальник технического отдела %Полушубок%по поясам%В III, IV и особом поясах, а также в Казанском отделении Горьковской железной дороги; Самарском, Ульяновском отделениях Куйбышевской железной дорог; Московско – Курском, Московско – Рязанском, Московско – Смоленском отделениях Московской железной дороги;  Санкт – Петербургском, Санкт-Петербург – Витебском, Волховстроевском, Московском отделениях Октябрьской железной дороги дополнительно:%1%60%60%
Хозяйство  пути и сооружений%РУКОВОДИТЕЛИ И СПЕЦИАЛИСТЫ%Главный инженер дистанции пути; главный инженер путевой машинной станции; начальник дистанции пути; заместитель начальника дистанции пути; начальник путевой машинной станции; заместитель начальника путевой машинной станции; начальник механической мастерской; главный механик; главный инженер, главный метролог  дорожного предприятия по контролю и диагностике пути, дистанции защитных лесонасаждений механизированной дистанции пути; начальник технического отдела %Полупальто на меховой подкладке%по поясам%В III, IV и особом поясах, а также в Казанском отделении Горьковской железной дороги; Самарском, Ульяновском отделениях Куйбышевской железной дорог; Московско – Курском, Московско – Рязанском, Московско – Смоленском отделениях Московской железной дороги;  Санкт – Петербургском, Санкт-Петербург – Витебском, Волховстроевском, Московском отделениях Октябрьской железной дороги дополнительно:%1%60%60%
Хозяйство  пути и сооружений%РУКОВОДИТЕЛИ И СПЕЦИАЛИСТЫ%Главный инженер дистанции пути; главный инженер путевой машинной станции; начальник дистанции пути; заместитель начальника дистанции пути; начальник путевой машинной станции; заместитель начальника путевой машинной станции; начальник механической мастерской; главный механик; главный инженер, главный метролог  дорожного предприятия по контролю и диагностике пути, дистанции защитных лесонасаждений механизированной дистанции пути; начальник технического отдела %Куртка на меховой подкладке%по поясам%В III, IV и особом поясах, а также в Казанском отделении Горьковской железной дороги; Самарском, Ульяновском отделениях Куйбышевской железной дорог; Московско – Курском, Московско – Рязанском, Московско – Смоленском отделениях Московской железной дороги;  Санкт – Петербургском, Санкт-Петербург – Витебском, Волховстроевском, Московском отделениях Октябрьской железной дороги дополнительно:%1%60%60%
Хозяйство  пути и сооружений%РУКОВОДИТЕЛИ И СПЕЦИАЛИСТЫ%Главный инженер дистанции пути; главный инженер путевой машинной станции; начальник дистанции пути; заместитель начальника дистанции пути; начальник путевой машинной станции; заместитель начальника путевой машинной станции; начальник механической мастерской; главный механик; главный инженер, главный метролог  дорожного предприятия по контролю и диагностике пути, дистанции защитных лесонасаждений механизированной дистанции пути; начальник технического отдела %Сапоги кожаные утепленные «СЕВЕР ЖД»%  по поясам%В III, IV и особом поясах, а также в Казанском отделении Горьковской железной дороги; Самарском, Ульяновском отделениях Куйбышевской железной дорог; Московско – Курском, Московско – Рязанском, Московско – Смоленском отделениях Московской железной дороги;  Санкт – Петербургском, Санкт-Петербург – Витебском, Волховстроевском, Московском отделениях Октябрьской железной дороги дополнительно:%1%36%36%
%%%%%%%%0%
Хозяйство  пути и сооружений%РУКОВОДИТЕЛИ И СПЕЦИАЛИСТЫ%Инженер по охране труда%Комплект «Путеец-Л»%1%%1%12%12%
Хозяйство  пути и сооружений%РУКОВОДИТЕЛИ И СПЕЦИАЛИСТЫ%Инженер по охране труда%Костюм «Дефектоскопист-Л»%1%%1%12%12%
Хозяйство  пути и сооружений%РУКОВОДИТЕЛИ И СПЕЦИАЛИСТЫ%Инженер по охране труда%Халат из смешанных тканей%1%%1%12%12%
Хозяйство  пути и сооружений%РУКОВОДИТЕЛИ И СПЕЦИАЛИСТЫ%Инженер по охране труда%Ботинки юфтевые на маслобензостойкой подошве%1 пара %%1%12%12%
Хозяйство  пути и сооружений%РУКОВОДИТЕЛИ И СПЕЦИАЛИСТЫ%Инженер по охране труда%Сапоги юфтевые на маслобензостойкой подошве%1 пара %%1%12%12%
Хозяйство  пути и сооружений%РУКОВОДИТЕЛИ И СПЕЦИАЛИСТЫ%Инженер по охране труда%Плащ  для защиты от воды%1 на 3 года%%1%36%36%
Хозяйство  пути и сооружений%РУКОВОДИТЕЛИ И СПЕЦИАЛИСТЫ%Инженер по охране труда%Жилет сигнальный 2 класса защиты%1 на 2 года%%1%24%24%
Хозяйство  пути и сооружений%РУКОВОДИТЕЛИ И СПЕЦИАЛИСТЫ%Инженер по охране труда%Комплект для защиты от пониженных температур  «Путеец» в I и II поясах %по поясам%Зимой дополнительно:%1%36%36%
Хозяйство  пути и сооружений%РУКОВОДИТЕЛИ И СПЕЦИАЛИСТЫ%Инженер по охране труда%Костюм для защиты от пониженных температур «Дефектоскопист» в I и II поясах%по поясам%Зимой дополнительно:%1%36%36%
Хозяйство  пути и сооружений%РУКОВОДИТЕЛИ И СПЕЦИАЛИСТЫ%Инженер по охране труда%Полушубокв III, IV и особом поясах%по поясам%Зимой дополнительно:%1%60%60%
Хозяйство  пути и сооружений%РУКОВОДИТЕЛИ И СПЕЦИАЛИСТЫ%Инженер по охране труда%Полупальто на меховой подкладке в III, IV и особом поясах,  %по поясам%Зимой дополнительно:%1%60%60%
Хозяйство  пути и сооружений%РУКОВОДИТЕЛИ И СПЕЦИАЛИСТЫ%Инженер по охране труда%Куртка на меховой подкладке в III, IV и особом поясах  %по поясам%Зимой дополнительно:%1%60%60%
Хозяйство  пути и сооружений%РУКОВОДИТЕЛИ И СПЕЦИАЛИСТЫ%Инженер по охране труда%Полукомбинезон для защиты от пониженных температур в III, IV и особом поясах  %по поясам%Зимой дополнительно:%1%24%24%
Хозяйство  пути и сооружений%РУКОВОДИТЕЛИ И СПЕЦИАЛИСТЫ%Инженер по охране труда%Шапка-ушанка со звукопроводными вставками%по поясам%Зимой дополнительно:%1%24%24%
Хозяйство  пути и сооружений%РУКОВОДИТЕЛИ И СПЕЦИАЛИСТЫ%Инженер по охране труда%Рукавицы утепленные%по поясам%Зимой дополнительно:%1%6%6%
Хозяйство  пути и сооружений%РУКОВОДИТЕЛИ И СПЕЦИАЛИСТЫ%Инженер по охране труда%Перчатки утепленные%по поясам%Зимой дополнительно:%1%6%6%
Хозяйство  пути и сооружений%РУКОВОДИТЕЛИ И СПЕЦИАЛИСТЫ%Инженер по охране труда%Cапоги утепленные юфтевые на нефтеморозостойкой подошве%по поясам%Зимой дополнительно:%1%12%12%
Хозяйство  пути и сооружений%РУКОВОДИТЕЛИ И СПЕЦИАЛИСТЫ%Инженер по охране труда%Валенки (сапоги валяные) с резиновым низом %по поясам%Зимой дополнительно:%1%12%12%
%%%%%%%%0%
Хозяйство  пути и сооружений%РУКОВОДИТЕЛИ И СПЕЦИАЛИСТЫ%Мастер, инженер-технолог на путевой машине; мастер по эксплуатации и ремонту машин и механизмов; начальник путевой машины; мастер механической мастерской; машинист-инструктор бригад путевых машин и моторно-рельсового транспорта%Костюм «Механик-Л»%1 на 9 месяцев%%1%9%9%
Хозяйство  пути и сооружений%РУКОВОДИТЕЛИ И СПЕЦИАЛИСТЫ%Мастер, инженер-технолог на путевой машине; мастер по эксплуатации и ремонту машин и механизмов; начальник путевой машины; мастер механической мастерской; машинист-инструктор бригад путевых машин и моторно-рельсового транспорта%Плащ  для защиты от воды%1 на 3 года%%1%36%36%
Хозяйство  пути и сооружений%РУКОВОДИТЕЛИ И СПЕЦИАЛИСТЫ%Мастер, инженер-технолог на путевой машине; мастер по эксплуатации и ремонту машин и механизмов; начальник путевой машины; мастер механической мастерской; машинист-инструктор бригад путевых машин и моторно-рельсового транспорта%Ботинки юфтевые на маслобензостойкой подошве%1 пара%%1%12%12%
Хозяйство  пути и сооружений%РУКОВОДИТЕЛИ И СПЕЦИАЛИСТЫ%Мастер, инженер-технолог на путевой машине; мастер по эксплуатации и ремонту машин и механизмов; начальник путевой машины; мастер механической мастерской; машинист-инструктор бригад путевых машин и моторно-рельсового транспорта%Сапоги юфтевые на маслобензостойкой подошве%1 пара%%1%12%12%
Хозяйство  пути и сооружений%РУКОВОДИТЕЛИ И СПЕЦИАЛИСТЫ%Мастер, инженер-технолог на путевой машине; мастер по эксплуатации и ремонту машин и механизмов; начальник путевой машины; мастер механической мастерской; машинист-инструктор бригад путевых машин и моторно-рельсового транспорта%Перчатки комбинированные%12 пар%%12%1%12%
Хозяйство  пути и сооружений%РУКОВОДИТЕЛИ И СПЕЦИАЛИСТЫ%Мастер, инженер-технолог на путевой машине; мастер по эксплуатации и ремонту машин и механизмов; начальник путевой машины; мастер механической мастерской; машинист-инструктор бригад путевых машин и моторно-рельсового транспорта%Перчатки с полимерным покрытием%12 пар%%12%1%12%
Хозяйство  пути и сооружений%РУКОВОДИТЕЛИ И СПЕЦИАЛИСТЫ%Мастер, инженер-технолог на путевой машине; мастер по эксплуатации и ремонту машин и механизмов; начальник путевой машины; мастер механической мастерской; машинист-инструктор бригад путевых машин и моторно-рельсового транспорта%Перчатки диэлектрические %дежурные%%1%0%0%
Хозяйство  пути и сооружений%РУКОВОДИТЕЛИ И СПЕЦИАЛИСТЫ%Мастер, инженер-технолог на путевой машине; мастер по эксплуатации и ремонту машин и механизмов; начальник путевой машины; мастер механической мастерской; машинист-инструктор бригад путевых машин и моторно-рельсового транспорта%Боты диэлектрические%дежурные%%1%0%0%
Хозяйство  пути и сооружений%РУКОВОДИТЕЛИ И СПЕЦИАЛИСТЫ%Мастер, инженер-технолог на путевой машине; мастер по эксплуатации и ремонту машин и механизмов; начальник путевой машины; мастер механической мастерской; машинист-инструктор бригад путевых машин и моторно-рельсового транспорта%Очки защитные открытые%до износа%%1%0%0%
Хозяйство  пути и сооружений%РУКОВОДИТЕЛИ И СПЕЦИАЛИСТЫ%Мастер, инженер-технолог на путевой машине; мастер по эксплуатации и ремонту машин и механизмов; начальник путевой машины; мастер механической мастерской; машинист-инструктор бригад путевых машин и моторно-рельсового транспорта%Наушники противошумные%до износа%%1%0%0%
Хозяйство  пути и сооружений%РУКОВОДИТЕЛИ И СПЕЦИАЛИСТЫ%Мастер, инженер-технолог на путевой машине; мастер по эксплуатации и ремонту машин и механизмов; начальник путевой машины; мастер механической мастерской; машинист-инструктор бригад путевых машин и моторно-рельсового транспорта%Жилет сигнальный 2 класса защиты%1%%1%12%12%
Хозяйство  пути и сооружений%РУКОВОДИТЕЛИ И СПЕЦИАЛИСТЫ%Мастер, инженер-технолог на путевой машине; мастер по эксплуатации и ремонту машин и механизмов; начальник путевой машины; мастер механической мастерской; машинист-инструктор бригад путевых машин и моторно-рельсового транспорта%%%%%%0%
Хозяйство  пути и сооружений%РУКОВОДИТЕЛИ И СПЕЦИАЛИСТЫ%Мастер, инженер-технолог на путевой машине; мастер по эксплуатации и ремонту машин и механизмов; начальник путевой машины; мастер механической мастерской; машинист-инструктор бригад путевых машин и моторно-рельсового транспорта%Костюм для защиты от пониженных температур «Механик»%по поясам%Зимой дополнительно:%1%36%36%
Хозяйство  пути и сооружений%РУКОВОДИТЕЛИ И СПЕЦИАЛИСТЫ%Мастер, инженер-технолог на путевой машине; мастер по эксплуатации и ремонту машин и механизмов; начальник путевой машины; мастер механической мастерской; машинист-инструктор бригад путевых машин и моторно-рельсового транспорта%Шапка-ушанка со звукопроводными вставками%по поясам%Зимой дополнительно:%1%24%24%
Хозяйство  пути и сооружений%РУКОВОДИТЕЛИ И СПЕЦИАЛИСТЫ%Мастер, инженер-технолог на путевой машине; мастер по эксплуатации и ремонту машин и механизмов; начальник путевой машины; мастер механической мастерской; машинист-инструктор бригад путевых машин и моторно-рельсового транспорта%Рукавицы утепленные%по поясам%Зимой дополнительно:%1%6%6%
Хозяйство  пути и сооружений%РУКОВОДИТЕЛИ И СПЕЦИАЛИСТЫ%Мастер, инженер-технолог на путевой машине; мастер по эксплуатации и ремонту машин и механизмов; начальник путевой машины; мастер механической мастерской; машинист-инструктор бригад путевых машин и моторно-рельсового транспорта%Перчатки утепленные%по поясам%Зимой дополнительно:%1%6%6%
Хозяйство  пути и сооружений%РУКОВОДИТЕЛИ И СПЕЦИАЛИСТЫ%Мастер, инженер-технолог на путевой машине; мастер по эксплуатации и ремонту машин и механизмов; начальник путевой машины; мастер механической мастерской; машинист-инструктор бригад путевых машин и моторно-рельсового транспорта%Перчатки утепленные с защитным покрытием, нефтеморозостойкие%по поясам%Зимой дополнительно:%1%6%6%
Хозяйство  пути и сооружений%РУКОВОДИТЕЛИ И СПЕЦИАЛИСТЫ%Мастер, инженер-технолог на путевой машине; мастер по эксплуатации и ремонту машин и механизмов; начальник путевой машины; мастер механической мастерской; машинист-инструктор бригад путевых машин и моторно-рельсового транспорта%Сапоги юфтевые утепленные на нефтеморозостойкой подошве в I и II поясах %по поясам%Зимой дополнительно:в I и II поясах %1%12%12%
Хозяйство  пути и сооружений%РУКОВОДИТЕЛИ И СПЕЦИАЛИСТЫ%Мастер, инженер-технолог на путевой машине; мастер по эксплуатации и ремонту машин и механизмов; начальник путевой машины; мастер механической мастерской; машинист-инструктор бригад путевых машин и моторно-рельсового транспорта%Сапоги кожаные утепленные «СЕВЕР ЖД» в III, IV и особом поясах%по поясам%Зимой дополнительно:%1%36%36%
Хозяйство  пути и сооружений%РУКОВОДИТЕЛИ И СПЕЦИАЛИСТЫ%Мастер, инженер-технолог на путевой машине; мастер по эксплуатации и ремонту машин и механизмов; начальник путевой машины; мастер механической мастерской; машинист-инструктор бригад путевых машин и моторно-рельсового транспорта%Валенки (сапоги валяные) с резиновым низомв III, IV и особом поясах %по поясам%Зимой дополнительно:в III, IV и особом поясах  %1%12%12%
Хозяйство  пути и сооружений%РУКОВОДИТЕЛИ И СПЕЦИАЛИСТЫ%Мастер, инженер-технолог на путевой машине; мастер по эксплуатации и ремонту машин и механизмов; начальник путевой машины; мастер механической мастерской; машинист-инструктор бригад путевых машин и моторно-рельсового транспорта%Каска защитная%1 на 2 года%При выполнении работ  по обслуживанию снегоземлеуборочных, звеносборочных машин дополнительно:%%%0%
Хозяйство  пути и сооружений%РУКОВОДИТЕЛИ И СПЕЦИАЛИСТЫ%Мастер, инженер-технолог на путевой машине; мастер по эксплуатации и ремонту машин и механизмов; начальник путевой машины; мастер механической мастерской; машинист-инструктор бригад путевых машин и моторно-рельсового транспорта%Подшлемник для защиты от пониженных температур со звукопроводными вставками%по поясам%При выполнении работ  по обслуживанию снегоземлеуборочных, звеносборочных машин дополнительно:%1%24%24%
%%%%%%%%0%
Хозяйство  пути и сооружений%РУКОВОДИТЕЛИ И СПЕЦИАЛИСТЫ%Мастер дорожный, мастер мостовой; мастер тоннельный; начальник участка пути; производитель работ (прораб) %Комплект «Путеец-Л»%1%%1%12%12%
Хозяйство  пути и сооружений%РУКОВОДИТЕЛИ И СПЕЦИАЛИСТЫ%Мастер дорожный, мастер мостовой; мастер тоннельный; начальник участка пути; производитель работ (прораб) %Ботинки юфтевые на полиуретановой подошве%1 пара%%1%12%12%
Хозяйство  пути и сооружений%РУКОВОДИТЕЛИ И СПЕЦИАЛИСТЫ%Мастер дорожный, мастер мостовой; мастер тоннельный; начальник участка пути; производитель работ (прораб) %Сапоги юфтевые на  полиуретановой подошве%1 пара%%1%12%12%
Хозяйство  пути и сооружений%РУКОВОДИТЕЛИ И СПЕЦИАЛИСТЫ%Мастер дорожный, мастер мостовой; мастер тоннельный; начальник участка пути; производитель работ (прораб) %Плащ  для защиты от воды%1 на 3 года%%1%36%36%
Хозяйство  пути и сооружений%РУКОВОДИТЕЛИ И СПЕЦИАЛИСТЫ%Мастер дорожный, мастер мостовой; мастер тоннельный; начальник участка пути; производитель работ (прораб) %Очки защитные открытые%до износа%%1%0%0%
Хозяйство  пути и сооружений%РУКОВОДИТЕЛИ И СПЕЦИАЛИСТЫ%Мастер дорожный, мастер мостовой; мастер тоннельный; начальник участка пути; производитель работ (прораб) %Щиток защитный лицевой%до износа%%1%0%0%
Хозяйство  пути и сооружений%РУКОВОДИТЕЛИ И СПЕЦИАЛИСТЫ%Мастер дорожный, мастер мостовой; мастер тоннельный; начальник участка пути; производитель работ (прораб) %Перчатки комбинированные%12 пар%%12%1%12%
Хозяйство  пути и сооружений%РУКОВОДИТЕЛИ И СПЕЦИАЛИСТЫ%Мастер дорожный, мастер мостовой; мастер тоннельный; начальник участка пути; производитель работ (прораб) %Перчатки с полимерным покрытием%12 пар%%12%1%12%
Хозяйство  пути и сооружений%РУКОВОДИТЕЛИ И СПЕЦИАЛИСТЫ%Мастер дорожный, мастер мостовой; мастер тоннельный; начальник участка пути; производитель работ (прораб) %Жилет сигнальный 2 класса защиты%2%%2%6%12%
Хозяйство  пути и сооружений%РУКОВОДИТЕЛИ И СПЕЦИАЛИСТЫ%Мастер дорожный, мастер мостовой; мастер тоннельный; начальник участка пути; производитель работ (прораб) %Костюм  для защиты от воды  прорезиненный %1 на 1,5 года%При выполнении  работ на  тоннельных участках дополнительно: %1%18%18%
Хозяйство  пути и сооружений%РУКОВОДИТЕЛИ И СПЕЦИАЛИСТЫ%Мастер дорожный, мастер мостовой; мастер тоннельный; начальник участка пути; производитель работ (прораб) %Комплект для защиты от воды %1 на 1,5 года%При выполнении  работ на  тоннельных участках дополнительно: %1%18%18%
Хозяйство  пути и сооружений%РУКОВОДИТЕЛИ И СПЕЦИАЛИСТЫ%Мастер дорожный, мастер мостовой; мастер тоннельный; начальник участка пути; производитель работ (прораб) %Перчатки резиновые%до износа%При выполнении  работ на  тоннельных участках дополнительно: %1%0%0%
Хозяйство  пути и сооружений%РУКОВОДИТЕЛИ И СПЕЦИАЛИСТЫ%Мастер дорожный, мастер мостовой; мастер тоннельный; начальник участка пути; производитель работ (прораб) %Перчатки из полимерных материалов%до износа%При выполнении  работ на  тоннельных участках дополнительно: %1%0%0%
Хозяйство  пути и сооружений%РУКОВОДИТЕЛИ И СПЕЦИАЛИСТЫ%Мастер дорожный, мастер мостовой; мастер тоннельный; начальник участка пути; производитель работ (прораб) %Каска защитнаяукомплектованная  фонарем шахтерским%1 на 2 года%При выполнении  работ на  тоннельных участках дополнительно: %1%24%24%
Хозяйство  пути и сооружений%РУКОВОДИТЕЛИ И СПЕЦИАЛИСТЫ%Мастер дорожный, мастер мостовой; мастер тоннельный; начальник участка пути; производитель работ (прораб) %Наушники противошумные%до износа%При выполнении  работ на  тоннельных участках дополнительно: %1%0%0%
Хозяйство  пути и сооружений%РУКОВОДИТЕЛИ И СПЕЦИАЛИСТЫ%Мастер дорожный, мастер мостовой; мастер тоннельный; начальник участка пути; производитель работ (прораб) %Сапоги резиновые%1 пара%При выполнении  работ на  тоннельных участках дополнительно: %1%12%12%
Хозяйство  пути и сооружений%РУКОВОДИТЕЛИ И СПЕЦИАЛИСТЫ%Мастер дорожный, мастер мостовой; мастер тоннельный; начальник участка пути; производитель работ (прораб) %Сапоги резиновыерыбацкие%1 пара%При выполнении  работ на  тоннельных участках дополнительно: %1%12%12%
Хозяйство  пути и сооружений%РУКОВОДИТЕЛИ И СПЕЦИАЛИСТЫ%Мастер дорожный, мастер мостовой; мастер тоннельный; начальник участка пути; производитель работ (прораб) %Респиратор противогазоаэрозольный%до износа%При выполнении  работ на  тоннельных участках дополнительно: %1%0%0%
Хозяйство  пути и сооружений%РУКОВОДИТЕЛИ И СПЕЦИАЛИСТЫ%Мастер дорожный, мастер мостовой; мастер тоннельный; начальник участка пути; производитель работ (прораб) %Противогаз фильтрующий%дежурный%При выполнении  работ на  тоннельных участках дополнительно: %1%0%0%
Хозяйство  пути и сооружений%РУКОВОДИТЕЛИ И СПЕЦИАЛИСТЫ%Мастер дорожный, мастер мостовой; мастер тоннельный; начальник участка пути; производитель работ (прораб) %Комплект для защиты от пониженных температур  «Путеец» %по поясам%Зимой дополнительно:%1%36%36%
Хозяйство  пути и сооружений%РУКОВОДИТЕЛИ И СПЕЦИАЛИСТЫ%Мастер дорожный, мастер мостовой; мастер тоннельный; начальник участка пути; производитель работ (прораб) %Шапка-ушанка со звукопроводными вставками%по поясам%Зимой дополнительно:%1%24%24%
Хозяйство  пути и сооружений%РУКОВОДИТЕЛИ И СПЕЦИАЛИСТЫ%Мастер дорожный, мастер мостовой; мастер тоннельный; начальник участка пути; производитель работ (прораб) %Шапка трикотажная%1 на 2 года%Зимой дополнительно:%1%24%24%
Хозяйство  пути и сооружений%РУКОВОДИТЕЛИ И СПЕЦИАЛИСТЫ%Мастер дорожный, мастер мостовой; мастер тоннельный; начальник участка пути; производитель работ (прораб) %Рукавицы утепленные%по поясам%Зимой дополнительно:%1%6%6%
Хозяйство  пути и сооружений%РУКОВОДИТЕЛИ И СПЕЦИАЛИСТЫ%Мастер дорожный, мастер мостовой; мастер тоннельный; начальник участка пути; производитель работ (прораб) %Перчатки утепленные%по поясам%Зимой дополнительно:%1%6%6%
Хозяйство  пути и сооружений%РУКОВОДИТЕЛИ И СПЕЦИАЛИСТЫ%Мастер дорожный, мастер мостовой; мастер тоннельный; начальник участка пути; производитель работ (прораб) %Сапоги юфтевые утепленные на нефтеморозостойкой подошве %по поясам%Зимой дополнительно:%1%12%12%
Хозяйство  пути и сооружений%РУКОВОДИТЕЛИ И СПЕЦИАЛИСТЫ%Мастер дорожный, мастер мостовой; мастер тоннельный; начальник участка пути; производитель работ (прораб) %Сапоги  утепленные из поливинилхлоридного пластиката и влагостойкой ткани% %Зимой дополнительно:%1%24%24%
Хозяйство  пути и сооружений%РУКОВОДИТЕЛИ И СПЕЦИАЛИСТЫ%Мастер дорожный, мастер мостовой; мастер тоннельный; начальник участка пути; производитель работ (прораб) %Валенки (сапоги валяные) с резиновым низом %по поясам%Зимой дополнительно:%1%12%12%
Хозяйство  пути и сооружений%РУКОВОДИТЕЛИ И СПЕЦИАЛИСТЫ%Мастер дорожный, мастер мостовой; мастер тоннельный; начальник участка пути; производитель работ (прораб) %Полушубок%по поясам%Во II, III, IV и особом поясах дополнительно:%1%60%60%
Хозяйство  пути и сооружений%РУКОВОДИТЕЛИ И СПЕЦИАЛИСТЫ%Мастер дорожный, мастер мостовой; мастер тоннельный; начальник участка пути; производитель работ (прораб) %Полупальто на меховой подкладке%по поясам%Во II, III, IV и особом поясах дополнительно:%1%60%60%
Хозяйство  пути и сооружений%РУКОВОДИТЕЛИ И СПЕЦИАЛИСТЫ%Мастер дорожный, мастер мостовой; мастер тоннельный; начальник участка пути; производитель работ (прораб) %Куртка на меховой подкладке%по поясам%Во II, III, IV и особом поясах дополнительно:%1%60%60%
Хозяйство  пути и сооружений%РУКОВОДИТЕЛИ И СПЕЦИАЛИСТЫ%Мастер дорожный, мастер мостовой; мастер тоннельный; начальник участка пути; производитель работ (прораб) %Сапоги кожаные утепленные «СЕВЕР ЖД»%  по поясам%Во II, III, IV и особом поясах дополнительно:%1%36%36%
Хозяйство  пути и сооружений%РУКОВОДИТЕЛИ И СПЕЦИАЛИСТЫ%Мастер дорожный, мастер мостовой; мастер тоннельный; начальник участка пути; производитель работ (прораб) %Подшлемник для защиты от пониженных температур со звукопроводными вставками%по поясам%При выполнении  работ  на  тоннельных участках дополнительно:%1%24%24%
Хозяйство  пути и сооружений%РУКОВОДИТЕЛИ И СПЕЦИАЛИСТЫ%Мастер дорожный, мастер мостовой; мастер тоннельный; начальник участка пути; производитель работ (прораб) %Свитер полушерстяной%1%При выполнении  работ  на  тоннельных участках дополнительно:%1%12%12%
%%%%%%%%0%
Хозяйство  пути и сооружений%РУКОВОДИТЕЛИ И СПЕЦИАЛИСТЫ%Мастер цеха дефектоскопии; начальник путевой дорожной мастерской; начальник дистанционной мастерской; начальник дистанционной мастерской; начальник участка лесонасаждений%Комплект «Путеец-Л»%1%%1%12%12%
Хозяйство  пути и сооружений%РУКОВОДИТЕЛИ И СПЕЦИАЛИСТЫ%Мастер цеха дефектоскопии; начальник путевой дорожной мастерской; начальник дистанционной мастерской; начальник дистанционной мастерской; начальник участка лесонасаждений%Ботинки юфтевые на полиуретановой подошве%1 пара%%1%12%12%
Хозяйство  пути и сооружений%РУКОВОДИТЕЛИ И СПЕЦИАЛИСТЫ%Мастер цеха дефектоскопии; начальник путевой дорожной мастерской; начальник дистанционной мастерской; начальник дистанционной мастерской; начальник участка лесонасаждений%ПолуБотинки юфтевые на полиуретановой подошве%1 пара%%1%12%12%
Хозяйство  пути и сооружений%РУКОВОДИТЕЛИ И СПЕЦИАЛИСТЫ%Мастер цеха дефектоскопии; начальник путевой дорожной мастерской; начальник дистанционной мастерской; начальник дистанционной мастерской; начальник участка лесонасаждений%Плащ  для защиты от воды%1 на 3 года%%1%36%36%
Хозяйство  пути и сооружений%РУКОВОДИТЕЛИ И СПЕЦИАЛИСТЫ%Мастер цеха дефектоскопии; начальник путевой дорожной мастерской; начальник дистанционной мастерской; начальник дистанционной мастерской; начальник участка лесонасаждений%Очки защитные открытые%до износа%%1%0%0%
Хозяйство  пути и сооружений%РУКОВОДИТЕЛИ И СПЕЦИАЛИСТЫ%Мастер цеха дефектоскопии; начальник путевой дорожной мастерской; начальник дистанционной мастерской; начальник дистанционной мастерской; начальник участка лесонасаждений%Перчатки комбинированные%12 пар%%12%1%12%
Хозяйство  пути и сооружений%РУКОВОДИТЕЛИ И СПЕЦИАЛИСТЫ%Мастер цеха дефектоскопии; начальник путевой дорожной мастерской; начальник дистанционной мастерской; начальник дистанционной мастерской; начальник участка лесонасаждений%Перчатки с полимерным покрытием%12 пар%%12%1%12%
Хозяйство  пути и сооружений%РУКОВОДИТЕЛИ И СПЕЦИАЛИСТЫ%Мастер цеха дефектоскопии; начальник путевой дорожной мастерской; начальник дистанционной мастерской; начальник дистанционной мастерской; начальник участка лесонасаждений%Жилет сигнальный 2 класса защиты%2%%2%6%12%
Хозяйство  пути и сооружений%РУКОВОДИТЕЛИ И СПЕЦИАЛИСТЫ%Мастер цеха дефектоскопии; начальник путевой дорожной мастерской; начальник дистанционной мастерской; начальник дистанционной мастерской; начальник участка лесонасаждений%Комплект для защиты от пониженных температур  «Путеец» %по поясам%Зимой дополнительно:%1%36%36%
Хозяйство  пути и сооружений%РУКОВОДИТЕЛИ И СПЕЦИАЛИСТЫ%Мастер цеха дефектоскопии; начальник путевой дорожной мастерской; начальник дистанционной мастерской; начальник дистанционной мастерской; начальник участка лесонасаждений%Шапка-ушанка со звукопроводными вставками%по поясам%Зимой дополнительно:%1%24%24%
Хозяйство  пути и сооружений%РУКОВОДИТЕЛИ И СПЕЦИАЛИСТЫ%Мастер цеха дефектоскопии; начальник путевой дорожной мастерской; начальник дистанционной мастерской; начальник дистанционной мастерской; начальник участка лесонасаждений%Шапка трикотажная%1 на 2 года%Зимой дополнительно:%1%24%24%
Хозяйство  пути и сооружений%РУКОВОДИТЕЛИ И СПЕЦИАЛИСТЫ%Мастер цеха дефектоскопии; начальник путевой дорожной мастерской; начальник дистанционной мастерской; начальник дистанционной мастерской; начальник участка лесонасаждений%Рукавицы утепленные%по поясам%Зимой дополнительно:%1%6%6%
Хозяйство  пути и сооружений%РУКОВОДИТЕЛИ И СПЕЦИАЛИСТЫ%Мастер цеха дефектоскопии; начальник путевой дорожной мастерской; начальник дистанционной мастерской; начальник дистанционной мастерской; начальник участка лесонасаждений%Перчатки утепленные%по поясам%Зимой дополнительно:%1%6%6%
Хозяйство  пути и сооружений%РУКОВОДИТЕЛИ И СПЕЦИАЛИСТЫ%Мастер цеха дефектоскопии; начальник путевой дорожной мастерской; начальник дистанционной мастерской; начальник дистанционной мастерской; начальник участка лесонасаждений%Сапоги юфтевые утепленные на нефтеморозостойкой подошве %по поясам%Зимой дополнительно:%1%12%12%
Хозяйство  пути и сооружений%РУКОВОДИТЕЛИ И СПЕЦИАЛИСТЫ%Мастер цеха дефектоскопии; начальник путевой дорожной мастерской; начальник дистанционной мастерской; начальник дистанционной мастерской; начальник участка лесонасаждений%Сапоги  утепленные из поливинилхлоридного пластиката и влагостойкой ткани%%Зимой дополнительно:%1%24%24%
Хозяйство  пути и сооружений%РУКОВОДИТЕЛИ И СПЕЦИАЛИСТЫ%Мастер цеха дефектоскопии; начальник путевой дорожной мастерской; начальник дистанционной мастерской; начальник дистанционной мастерской; начальник участка лесонасаждений%Валенки (сапоги валяные) с резиновым низом %по поясам%Зимой дополнительно:%1%12%12%
Хозяйство  пути и сооружений%РУКОВОДИТЕЛИ И СПЕЦИАЛИСТЫ%Мастер цеха дефектоскопии; начальник путевой дорожной мастерской; начальник дистанционной мастерской; начальник дистанционной мастерской; начальник участка лесонасаждений%Полушубок%по поясам%Во II, III, IV и особом поясах дополнительно:%1%60%60%
Хозяйство  пути и сооружений%РУКОВОДИТЕЛИ И СПЕЦИАЛИСТЫ%Мастер цеха дефектоскопии; начальник путевой дорожной мастерской; начальник дистанционной мастерской; начальник дистанционной мастерской; начальник участка лесонасаждений%Полупальто на меховой подкладке%по поясам%Во II, III, IV и особом поясах дополнительно:%1%60%60%
Хозяйство  пути и сооружений%РУКОВОДИТЕЛИ И СПЕЦИАЛИСТЫ%Мастер цеха дефектоскопии; начальник путевой дорожной мастерской; начальник дистанционной мастерской; начальник дистанционной мастерской; начальник участка лесонасаждений%Куртка на меховой подкладке%по поясам%Во II, III, IV и особом поясах дополнительно:%1%60%60%
Хозяйство  пути и сооружений%РУКОВОДИТЕЛИ И СПЕЦИАЛИСТЫ%Мастер цеха дефектоскопии; начальник путевой дорожной мастерской; начальник дистанционной мастерской; начальник дистанционной мастерской; начальник участка лесонасаждений%Сапоги кожаные утепленные «СЕВЕР ЖД»%  по поясам%Во II, III, IV и особом поясах дополнительно:%1%36%36%
%%%%%%%%0%
Хозяйство  пути и сооружений%РУКОВОДИТЕЛИ И СПЕЦИАЛИСТЫ%Начальник, заместитель начальника дорожных и сетевых обследовательских станций; начальник, заместитель начальника  инженерно-геологической базы; инженер, геофизик, геолог, геодезист, маркшейдер, мастер, техник, топограф, работающие  на дорожных мостоиспытательных, путеобследовательских станциях, инженерно-геологических базах по земляному полотну,%Комплект «Путеец-Л» %1%При выполнении работ непосредственно на производственных участках: При выполнении работ непосредственно на производственных участках: %1%12%12%
Хозяйство  пути и сооружений%РУКОВОДИТЕЛИ И СПЕЦИАЛИСТЫ%Начальник, заместитель начальника дорожных и сетевых обследовательских станций; начальник, заместитель начальника  инженерно-геологической базы; инженер, геофизик, геолог, геодезист, маркшейдер, мастер, техник, топограф, работающие  на дорожных мостоиспытательных, путеобследовательских станциях, инженерно-геологических базах по земляному полотну,%Костюм «Дефектоскопист-Л»%1%При выполнении работ непосредственно на производственных участках: При выполнении работ непосредственно на производственных участках: %1%12%12%
Хозяйство  пути и сооружений%РУКОВОДИТЕЛИ И СПЕЦИАЛИСТЫ%Начальник, заместитель начальника дорожных и сетевых обследовательских станций; начальник, заместитель начальника  инженерно-геологической базы; инженер, геофизик, геолог, геодезист, маркшейдер, мастер, техник, топограф, работающие  на дорожных мостоиспытательных, путеобследовательских станциях, инженерно-геологических базах по земляному полотну,%Ботинки юфтевые на маслобензостойкой подошве%1 пара на 2 года%При выполнении работ непосредственно на производственных участках: При выполнении работ непосредственно на производственных участках: %1%24%24%
Хозяйство  пути и сооружений%РУКОВОДИТЕЛИ И СПЕЦИАЛИСТЫ%Начальник, заместитель начальника дорожных и сетевых обследовательских станций; начальник, заместитель начальника  инженерно-геологической базы; инженер, геофизик, геолог, геодезист, маркшейдер, мастер, техник, топограф, работающие  на дорожных мостоиспытательных, путеобследовательских станциях, инженерно-геологических базах по земляному полотну,%Сапоги юфтевые на маслобензостойкой подошве%2 пара на 2 года%При выполнении работ непосредственно на производственных участках: При выполнении работ непосредственно на производственных участках: %2%12%24%
Хозяйство  пути и сооружений%РУКОВОДИТЕЛИ И СПЕЦИАЛИСТЫ%Начальник, заместитель начальника дорожных и сетевых обследовательских станций; начальник, заместитель начальника  инженерно-геологической базы; инженер, геофизик, геолог, геодезист, маркшейдер, мастер, техник, топограф, работающие  на дорожных мостоиспытательных, путеобследовательских станциях, инженерно-геологических базах по земляному полотну,% Плащ  для защиты от воды%1 на 3 года%При выполнении работ непосредственно на производственных участках: При выполнении работ непосредственно на производственных участках: %1%36%36%
Хозяйство  пути и сооружений%РУКОВОДИТЕЛИ И СПЕЦИАЛИСТЫ%Начальник, заместитель начальника дорожных и сетевых обследовательских станций; начальник, заместитель начальника  инженерно-геологической базы; инженер, геофизик, геолог, геодезист, маркшейдер, мастер, техник, топограф, работающие  на дорожных мостоиспытательных, путеобследовательских станциях, инженерно-геологических базах по земляному полотну,%Сапоги резиновые%1 пара %При выполнении работ непосредственно на производственных участках: При выполнении работ непосредственно на производственных участках: %1%12%12%
Хозяйство  пути и сооружений%РУКОВОДИТЕЛИ И СПЕЦИАЛИСТЫ%Начальник, заместитель начальника дорожных и сетевых обследовательских станций; начальник, заместитель начальника  инженерно-геологической базы; инженер, геофизик, геолог, геодезист, маркшейдер, мастер, техник, топограф, работающие  на дорожных мостоиспытательных, путеобследовательских станциях, инженерно-геологических базах по земляному полотну,%Перчатки с полимерным покрытием%6 пар%При выполнении работ непосредственно на производственных участках: При выполнении работ непосредственно на производственных участках: %6%12%72%
Хозяйство  пути и сооружений%РУКОВОДИТЕЛИ И СПЕЦИАЛИСТЫ%Начальник, заместитель начальника дорожных и сетевых обследовательских станций; начальник, заместитель начальника  инженерно-геологической базы; инженер, геофизик, геолог, геодезист, маркшейдер, мастер, техник, топограф, работающие  на дорожных мостоиспытательных, путеобследовательских станциях, инженерно-геологических базах по земляному полотну,%Жилет сигнальный 2 класса защиты%2%При выполнении работ непосредственно на производственных участках: При выполнении работ непосредственно на производственных участках: %2%12%24%
Хозяйство  пути и сооружений%РУКОВОДИТЕЛИ И СПЕЦИАЛИСТЫ%инженерно-геодезических базах, габаритно-обследовательских станциях, мостоиспыта-тельных станциях,  тоннельно-обследовательской станции, Тындинской мерзлотной станции%Комплект для защиты от пониженных температур  «Путеец» в I и  II поясах %по поясам%Зимой дополнительно:%1%36%36%
Хозяйство  пути и сооружений%РУКОВОДИТЕЛИ И СПЕЦИАЛИСТЫ%инженерно-геодезических базах, габаритно-обследовательских станциях, мостоиспыта-тельных станциях,  тоннельно-обследовательской станции, Тындинской мерзлотной станции%Костюм для защиты от пониженных температур «Дефектоскопист» в I и  II поясах %по поясам%Зимой дополнительно:%1%36%36%
Хозяйство  пути и сооружений%РУКОВОДИТЕЛИ И СПЕЦИАЛИСТЫ%инженерно-геодезических базах, габаритно-обследовательских станциях, мостоиспыта-тельных станциях,  тоннельно-обследовательской станции, Тындинской мерзлотной станции%Полушубокв III, IV и особом поясах%по поясам%Зимой дополнительно:%1%60%60%
Хозяйство  пути и сооружений%РУКОВОДИТЕЛИ И СПЕЦИАЛИСТЫ%инженерно-геодезических базах, габаритно-обследовательских станциях, мостоиспыта-тельных станциях,  тоннельно-обследовательской станции, Тындинской мерзлотной станции%Полупальто на меховой подкладке в III , IV и особом поясах%по поясам%Зимой дополнительно:%1%60%60%
Хозяйство  пути и сооружений%РУКОВОДИТЕЛИ И СПЕЦИАЛИСТЫ%инженерно-геодезических базах, габаритно-обследовательских станциях, мостоиспыта-тельных станциях,  тоннельно-обследовательской станции, Тындинской мерзлотной станции%Куртка на меховой подкладкев III, IV и особом поясах%по поясам%Зимой дополнительно:%1%60%60%
Хозяйство  пути и сооружений%РУКОВОДИТЕЛИ И СПЕЦИАЛИСТЫ%инженерно-геодезических базах, габаритно-обследовательских станциях, мостоиспыта-тельных станциях,  тоннельно-обследовательской станции, Тындинской мерзлотной станции%Шапка-ушанка со звукопроводными вставками%по поясам%Зимой дополнительно:%1%24%24%
Хозяйство  пути и сооружений%РУКОВОДИТЕЛИ И СПЕЦИАЛИСТЫ%инженерно-геодезических базах, габаритно-обследовательских станциях, мостоиспыта-тельных станциях,  тоннельно-обследовательской станции, Тындинской мерзлотной станции%Рукавицы утепленные%по поясам%Зимой дополнительно:%1%6%6%
Хозяйство  пути и сооружений%РУКОВОДИТЕЛИ И СПЕЦИАЛИСТЫ%инженерно-геодезических базах, габаритно-обследовательских станциях, мостоиспыта-тельных станциях,  тоннельно-обследовательской станции, Тындинской мерзлотной станции%Перчатки утепленные%по поясам%Зимой дополнительно:%1%6%6%
Хозяйство  пути и сооружений%РУКОВОДИТЕЛИ И СПЕЦИАЛИСТЫ%инженерно-геодезических базах, габаритно-обследовательских станциях, мостоиспыта-тельных станциях,  тоннельно-обследовательской станции, Тындинской мерзлотной станции%Сапоги юфтевые утепленные на нефтеморозостойкой подошве в I и II поясах %по поясам%Зимой дополнительно:%1%12%12%
Хозяйство  пути и сооружений%РУКОВОДИТЕЛИ И СПЕЦИАЛИСТЫ%инженерно-геодезических базах, габаритно-обследовательских станциях, мостоиспыта-тельных станциях,  тоннельно-обследовательской станции, Тындинской мерзлотной станции%Сапоги кожаные утепленные «СЕВЕР ЖД» в III, IV и особом поясах%по поясам%Зимой дополнительно:%1%36%36%
Хозяйство  пути и сооружений%РУКОВОДИТЕЛИ И СПЕЦИАЛИСТЫ%инженерно-геодезических базах, габаритно-обследовательских станциях, мостоиспыта-тельных станциях,  тоннельно-обследовательской станции, Тындинской мерзлотной станции%Валенки (сапоги валяные) с резиновым низом %по поясам%Зимой дополнительно:в III, IV и особом поясах  %1%12%12%
Хозяйство  пути и сооружений%РУКОВОДИТЕЛИ И СПЕЦИАЛИСТЫ%инженерно-геодезических базах, габаритно-обследовательских станциях, мостоиспыта-тельных станциях,  тоннельно-обследовательской станции, Тындинской мерзлотной станции%Костюм с противомоскитной сеткой для защиты от механических воздействий и насекомых (энцефалитного клеща)  %до износа%При выполнении работ в  районах, эндемичных по клещевому энцефалиту, дополнительно:%1%0%0%
%%%%%%%%0%
Хозяйство  пути и сооружений%РУКОВОДИТЕЛИ И СПЕЦИАЛИСТЫ%Начальник, заместитель начальника, инженер, техник  контрольно-измерительного вагона и самоходного путеизмерительного дефектоскопного подвижного состава, дорожной контрольно- измерительной лаборатории ;%Комплект «Путеец-Л» %1%При выполнении работ непосредственно на производственных участках: %1%12%12%
Хозяйство  пути и сооружений%РУКОВОДИТЕЛИ И СПЕЦИАЛИСТЫ%Начальник, заместитель начальника, инженер, техник  контрольно-измерительного вагона и самоходного путеизмерительного дефектоскопного подвижного состава, дорожной контрольно- измерительной лаборатории ;%Костюм «Дефектоскопист-Л»%1%При выполнении работ непосредственно на производственных участках: %1%12%12%
Хозяйство  пути и сооружений%РУКОВОДИТЕЛИ И СПЕЦИАЛИСТЫ%Начальник, заместитель начальника, инженер, техник  контрольно-измерительного вагона и самоходного путеизмерительного дефектоскопного подвижного состава, дорожной контрольно- измерительной лаборатории ;%Ботинки юфтевые на маслобензостойкой подошве%по поясам%При выполнении работ непосредственно на производственных участках: %1%24%24%
Хозяйство  пути и сооружений%РУКОВОДИТЕЛИ И СПЕЦИАЛИСТЫ%Начальник, заместитель начальника, инженер, техник  контрольно-измерительного вагона и самоходного путеизмерительного дефектоскопного подвижного состава, дорожной контрольно- измерительной лаборатории ;%Сапоги юфтевые на маслобензостойкой подошве%по поясам%При выполнении работ непосредственно на производственных участках: %1%12%12%
Хозяйство  пути и сооружений%РУКОВОДИТЕЛИ И СПЕЦИАЛИСТЫ%Начальник, заместитель начальника, инженер, техник  контрольно-измерительного вагона и самоходного путеизмерительного дефектоскопного подвижного состава, дорожной контрольно- измерительной лаборатории ;%Плащ  для защиты от воды%1 на 3 года%При выполнении работ непосредственно на производственных участках: %1%36%36%
Хозяйство  пути и сооружений%РУКОВОДИТЕЛИ И СПЕЦИАЛИСТЫ%Начальник, заместитель начальника, инженер, техник  контрольно-измерительного вагона и самоходного путеизмерительного дефектоскопного подвижного состава, дорожной контрольно- измерительной лаборатории ;%Перчатки комбинированные%6 пар%При выполнении работ непосредственно на производственных участках: %6%2%12%
Хозяйство  пути и сооружений%РУКОВОДИТЕЛИ И СПЕЦИАЛИСТЫ%Начальник, заместитель начальника, инженер, техник  контрольно-измерительного вагона и самоходного путеизмерительного дефектоскопного подвижного состава, дорожной контрольно- измерительной лаборатории ;%Перчатки с полимерным покрытием%6 пар%При выполнении работ непосредственно на производственных участках: %6%2%12%
Хозяйство  пути и сооружений%РУКОВОДИТЕЛИ И СПЕЦИАЛИСТЫ%Начальник, заместитель начальника, инженер, техник  контрольно-измерительного вагона и самоходного путеизмерительного дефектоскопного подвижного состава, дорожной контрольно- измерительной лаборатории ;%Перчатки трикотажные%4 пары%При выполнении работ непосредственно на производственных участках: %4%3%12%
Хозяйство  пути и сооружений%РУКОВОДИТЕЛИ И СПЕЦИАЛИСТЫ%Начальник, заместитель начальника, инженер, техник  контрольно-измерительного вагона и самоходного путеизмерительного дефектоскопного подвижного состава, дорожной контрольно- измерительной лаборатории ;%Жилет сигнальный 2 класса защиты%1 на 2 года%При выполнении работ непосредственно на производственных участках: %1%24%24%
Хозяйство  пути и сооружений%РУКОВОДИТЕЛИ И СПЕЦИАЛИСТЫ%Начальник, заместитель начальника, инженер, техник  контрольно-измерительного вагона и самоходного путеизмерительного дефектоскопного подвижного состава, дорожной контрольно- измерительной лаборатории ;%Комплект для защиты от пониженных температур  «Путеец» в I и  II поясах %по поясам%Зимой дополнительно:%1%36%36%
Хозяйство  пути и сооружений%РУКОВОДИТЕЛИ И СПЕЦИАЛИСТЫ%Начальник, заместитель начальника, инженер, техник  контрольно-измерительного вагона и самоходного путеизмерительного дефектоскопного подвижного состава, дорожной контрольно- измерительной лаборатории ;%Костюм для защиты от пониженных температур «Дефектоскопист» в I и  II поясах %по поясам%Зимой дополнительно:%1%36%36%
Хозяйство  пути и сооружений%РУКОВОДИТЕЛИ И СПЕЦИАЛИСТЫ%Начальник, заместитель начальника, инженер, техник  контрольно-измерительного вагона и самоходного путеизмерительного дефектоскопного подвижного состава, дорожной контрольно- измерительной лаборатории ;%Полушубокв III , IV и особом поясах%по поясам%Зимой дополнительно:%1%60%60%
Хозяйство  пути и сооружений%РУКОВОДИТЕЛИ И СПЕЦИАЛИСТЫ%Начальник, заместитель начальника, инженер, техник  контрольно-измерительного вагона и самоходного путеизмерительного дефектоскопного подвижного состава, дорожной контрольно- измерительной лаборатории ;%Полупальто на меховой подкладке в III, IV и особом поясах%по поясам%Зимой дополнительно:%1%60%60%
Хозяйство  пути и сооружений%РУКОВОДИТЕЛИ И СПЕЦИАЛИСТЫ%Начальник, заместитель начальника, инженер, техник  контрольно-измерительного вагона и самоходного путеизмерительного дефектоскопного подвижного состава, дорожной контрольно- измерительной лаборатории ;%Куртка на меховой подкладкев III, IV и особом поясах%по поясам%Зимой дополнительно:%1%60%60%
Хозяйство  пути и сооружений%РУКОВОДИТЕЛИ И СПЕЦИАЛИСТЫ%Начальник, заместитель начальника, инженер, техник  контрольно-измерительного вагона и самоходного путеизмерительного дефектоскопного подвижного состава, дорожной контрольно- измерительной лаборатории ;%Шапка-ушанка со звукопроводными вставками%по поясам%Зимой дополнительно:%1%24%24%
Хозяйство  пути и сооружений%РУКОВОДИТЕЛИ И СПЕЦИАЛИСТЫ%Начальник, заместитель начальника, инженер, техник  контрольно-измерительного вагона и самоходного путеизмерительного дефектоскопного подвижного состава, дорожной контрольно- измерительной лаборатории ;%Рукавицы утепленные%по поясам%Зимой дополнительно:%1%6%6%
Хозяйство  пути и сооружений%РУКОВОДИТЕЛИ И СПЕЦИАЛИСТЫ%Начальник, заместитель начальника, инженер, техник  контрольно-измерительного вагона и самоходного путеизмерительного дефектоскопного подвижного состава, дорожной контрольно- измерительной лаборатории ;%Перчатки утепленные%по поясам%Зимой дополнительно:%1%6%6%
Хозяйство  пути и сооружений%РУКОВОДИТЕЛИ И СПЕЦИАЛИСТЫ%Начальник, заместитель начальника, инженер, техник  контрольно-измерительного вагона и самоходного путеизмерительного дефектоскопного подвижного состава, дорожной контрольно- измерительной лаборатории ;%Cапоги утепленные юфтевые на нефтеморозостойкой подошве%по поясам%Зимой дополнительно:%1%24%24%
Хозяйство  пути и сооружений%РУКОВОДИТЕЛИ И СПЕЦИАЛИСТЫ%Начальник, заместитель начальника, инженер, техник  контрольно-измерительного вагона и самоходного путеизмерительного дефектоскопного подвижного состава, дорожной контрольно- измерительной лаборатории ;%Валенки (сапоги валяные) с резиновым низом %по поясам%Зимой дополнительно:%1%12%12%
Хозяйство  пути и сооружений%РУКОВОДИТЕЛИ И СПЕЦИАЛИСТЫ%Начальник, заместитель начальника, инженер, техник  контрольно-измерительного вагона и самоходного путеизмерительного дефектоскопного подвижного состава, дорожной контрольно- измерительной лаборатории ;%Куртка  на утепляющей подкладке  %1 на 3 года%Во внепоясных районах:%1%36%36%
%%%%%%%%0%
Хозяйство  пути и сооружений%РУКОВОДИТЕЛИ И СПЕЦИАЛИСТЫ%Ревизор по безопасности движения%Комплект «Путеец-Л»%1%%1%12%12%
Хозяйство  пути и сооружений%РУКОВОДИТЕЛИ И СПЕЦИАЛИСТЫ%Ревизор по безопасности движения%Ботинки юфтевые на маслобензостойкой подошве%1 пара на 2 года %%1%24%24%
Хозяйство  пути и сооружений%РУКОВОДИТЕЛИ И СПЕЦИАЛИСТЫ%Ревизор по безопасности движения%Сапоги юфтевые на маслобензостойкой подошве%1 пара на 2 года%%1%24%24%
Хозяйство  пути и сооружений%РУКОВОДИТЕЛИ И СПЕЦИАЛИСТЫ%Ревизор по безопасности движения%Плащ  для защиты от воды%1 на 3 года%%1%36%36%
Хозяйство  пути и сооружений%РУКОВОДИТЕЛИ И СПЕЦИАЛИСТЫ%Ревизор по безопасности движения%Жилет сигнальный 2 класса защиты% 1 на 2 года%%1%24%24%
Хозяйство  пути и сооружений%РУКОВОДИТЕЛИ И СПЕЦИАЛИСТЫ%Ревизор по безопасности движения%Комплект для защиты от пониженных температур  «Путеец» в I поясе и  во внепоясных районах%1 на 4 года%Зимой дополнительно:%1%48%48%
Хозяйство  пути и сооружений%РУКОВОДИТЕЛИ И СПЕЦИАЛИСТЫ%Ревизор по безопасности движения%Полушубокво II, III, IV и особом поясах%по поясам%Зимой дополнительно:%1%60%60%
Хозяйство  пути и сооружений%РУКОВОДИТЕЛИ И СПЕЦИАЛИСТЫ%Ревизор по безопасности движения%Полупальто на меховой подкладке во II, III, IV и особом поясах%по поясам%Зимой дополнительно:%1%60%60%
Хозяйство  пути и сооружений%РУКОВОДИТЕЛИ И СПЕЦИАЛИСТЫ%Ревизор по безопасности движения%Куртка на меховой подкладкево II, III, IV и особом  поясах%по поясам%Зимой дополнительно:%1%60%60%
Хозяйство  пути и сооружений%РУКОВОДИТЕЛИ И СПЕЦИАЛИСТЫ%Ревизор по безопасности движения%Сапоги юфтевые утепленные на нефтеморозостойкой подошве в I и II поясах  %по поясам%Зимой дополнительно:в I и II поясах %1%12%12%
Хозяйство  пути и сооружений%РУКОВОДИТЕЛИ И СПЕЦИАЛИСТЫ%Ревизор по безопасности движения%Сапоги кожаные утепленные «СЕВЕР ЖД» в III, IV и особом поясах%  по поясам%Зимой дополнительно:%1%36%36%
Хозяйство  пути и сооружений%РУКОВОДИТЕЛИ И СПЕЦИАЛИСТЫ%Ревизор по безопасности движения%Валенки (сапоги валяные) с резиновым низомв III, IV и особом поясах%по поясам%Зимой дополнительно:в III, IV и особом поясах  %1%12%12%
%%%%%%%%0%
Хозяйство  пути и сооружений%РУКОВОДИТЕЛИ И СПЕЦИАЛИСТЫ%Руководители и специалисты дистанции пути и путевой машинной станции%Комплект «Путеец-Л»%1 на 3 года %%1%36%36%
Хозяйство  пути и сооружений%РУКОВОДИТЕЛИ И СПЕЦИАЛИСТЫ%Руководители и специалисты дистанции пути и путевой машинной станции%Ботинки юфтевые на маслобензостойкой подошве%1 пара%%1%12%12%
Хозяйство  пути и сооружений%РУКОВОДИТЕЛИ И СПЕЦИАЛИСТЫ%Руководители и специалисты дистанции пути и путевой машинной станции%Плащ  для защиты от воды%1 на 4 года%%1%48%48%
Хозяйство  пути и сооружений%РУКОВОДИТЕЛИ И СПЕЦИАЛИСТЫ%Руководители и специалисты дистанции пути и путевой машинной станции%Перчатки комбинированные %12 пар%%12%1%12%
Хозяйство  пути и сооружений%РУКОВОДИТЕЛИ И СПЕЦИАЛИСТЫ%Руководители и специалисты дистанции пути и путевой машинной станции%Перчатки с полимерным покрытием%12 пар%%12%1%12%
Хозяйство  пути и сооружений%РУКОВОДИТЕЛИ И СПЕЦИАЛИСТЫ%Руководители и специалисты дистанции пути и путевой машинной станции%Очки защитные открытые%до износа%%1%0%0%
Хозяйство  пути и сооружений%РУКОВОДИТЕЛИ И СПЕЦИАЛИСТЫ%Руководители и специалисты дистанции пути и путевой машинной станции%Жилет сигнальный 2 класса защиты%1 на 2 года%%1%12%12%
Хозяйство  пути и сооружений%РУКОВОДИТЕЛИ И СПЕЦИАЛИСТЫ%Руководители и специалисты дистанции пути и путевой машинной станции%Комплект для защиты от пониженных температур  «Путеец»%по поясам%Зимой дополнительно:%1%36%36%
Хозяйство  пути и сооружений%РУКОВОДИТЕЛИ И СПЕЦИАЛИСТЫ%Руководители и специалисты дистанции пути и путевой машинной станции%Рукавицы утепленные%по поясам%Зимой дополнительно:%1%6%6%
Хозяйство  пути и сооружений%РУКОВОДИТЕЛИ И СПЕЦИАЛИСТЫ%Руководители и специалисты дистанции пути и путевой машинной станции%Перчатки утепленные%%Зимой дополнительно:%1%6%6%
Хозяйство  пути и сооружений%РУКОВОДИТЕЛИ И СПЕЦИАЛИСТЫ%Руководители и специалисты дистанции пути и путевой машинной станции%Сапоги юфтевые утепленные на нефтеморозостойкой подошве%по поясам%Зимой дополнительно:%1%12%12%
%%%%%%%%0%
Хозяйство  пути и сооружений%РУКОВОДИТЕЛИ И СПЕЦИАЛИСТЫ%Электромеханик, старший электромеханик%Костюм «Механик-Л» %1%%1%12%12%
Хозяйство  пути и сооружений%РУКОВОДИТЕЛИ И СПЕЦИАЛИСТЫ%Электромеханик, старший электромеханик%Ботинки юфтевые на полиуретановой подошве%1 пара %%1%12%12%
Хозяйство  пути и сооружений%РУКОВОДИТЕЛИ И СПЕЦИАЛИСТЫ%Электромеханик, старший электромеханик%Сапоги юфтевые на полиуретановой подошве%1 пара%%1%12%12%
Хозяйство  пути и сооружений%РУКОВОДИТЕЛИ И СПЕЦИАЛИСТЫ%Электромеханик, старший электромеханик%Плащ  для защиты от воды%1 на 3 года%%1%36%36%
Хозяйство  пути и сооружений%РУКОВОДИТЕЛИ И СПЕЦИАЛИСТЫ%Электромеханик, старший электромеханик%Перчатки трикотажные %6 пар%%6%2%12%
Хозяйство  пути и сооружений%РУКОВОДИТЕЛИ И СПЕЦИАЛИСТЫ%Электромеханик, старший электромеханик%Перчатки  комбинированные %8 пар%%8%1,5%12%
Хозяйство  пути и сооружений%РУКОВОДИТЕЛИ И СПЕЦИАЛИСТЫ%Электромеханик, старший электромеханик%Перчатки с полимерным покрытием%8 пар%%8%1,5%12%
Хозяйство  пути и сооружений%РУКОВОДИТЕЛИ И СПЕЦИАЛИСТЫ%Электромеханик, старший электромеханик%Очки защитные открытые%до износа%%1%0%0%
Хозяйство  пути и сооружений%РУКОВОДИТЕЛИ И СПЕЦИАЛИСТЫ%Электромеханик, старший электромеханик%Щиток защитный лицевой%до износа%%1%0%0%
Хозяйство  пути и сооружений%РУКОВОДИТЕЛИ И СПЕЦИАЛИСТЫ%Электромеханик, старший электромеханик%Жилет сигнальный 2 класса защиты%1%%1%12%12%
Хозяйство  пути и сооружений%РУКОВОДИТЕЛИ И СПЕЦИАЛИСТЫ%Электромеханик, старший электромеханик%Костюм для защиты от воды прорезиненный % 1 на 1,5 года%При выполнении  работ на тоннельных участках дополнительно: При выполнении  работ на тоннельных участках дополнительно: При выполнении  работ на тоннельных участках дополнительно: %1%18%18%
Хозяйство  пути и сооружений%РУКОВОДИТЕЛИ И СПЕЦИАЛИСТЫ%Электромеханик, старший электромеханик%Комплект для защиты от воды % 1 на 1,5 года%При выполнении  работ на тоннельных участках дополнительно: При выполнении  работ на тоннельных участках дополнительно: При выполнении  работ на тоннельных участках дополнительно: %1%18%18%
Хозяйство  пути и сооружений%РУКОВОДИТЕЛИ И СПЕЦИАЛИСТЫ%Электромеханик, старший электромеханик%Каска защитная с фонарем шахтерским%1 на 2 года%При выполнении  работ на тоннельных участках дополнительно: При выполнении  работ на тоннельных участках дополнительно: При выполнении  работ на тоннельных участках дополнительно: %1%24%24%
Хозяйство  пути и сооружений%РУКОВОДИТЕЛИ И СПЕЦИАЛИСТЫ%Электромеханик, старший электромеханик%Наушники противошумные%до износа%При выполнении  работ на тоннельных участках дополнительно: При выполнении  работ на тоннельных участках дополнительно: При выполнении  работ на тоннельных участках дополнительно: %1%%0%
Хозяйство  пути и сооружений%РУКОВОДИТЕЛИ И СПЕЦИАЛИСТЫ%Электромеханик, старший электромеханик%Сапоги резиновые%1 пара%При выполнении  работ на тоннельных участках дополнительно: При выполнении  работ на тоннельных участках дополнительно: При выполнении  работ на тоннельных участках дополнительно: %1%12%12%
Хозяйство  пути и сооружений%РУКОВОДИТЕЛИ И СПЕЦИАЛИСТЫ%Электромеханик, старший электромеханик%Сапоги резиновые рыбацкие%1 пара%При выполнении  работ на тоннельных участках дополнительно: При выполнении  работ на тоннельных участках дополнительно: При выполнении  работ на тоннельных участках дополнительно: %1%12%12%
Хозяйство  пути и сооружений%РУКОВОДИТЕЛИ И СПЕЦИАЛИСТЫ%Электромеханик, старший электромеханик%Респиратор противогазоаэрозольный%до износа%При выполнении  работ на тоннельных участках дополнительно: При выполнении  работ на тоннельных участках дополнительно: При выполнении  работ на тоннельных участках дополнительно: %1%0%0%
Хозяйство  пути и сооружений%РУКОВОДИТЕЛИ И СПЕЦИАЛИСТЫ%Электромеханик, старший электромеханик%Противогаз фильтрующий% дежурный%При выполнении  работ на тоннельных участках дополнительно: При выполнении  работ на тоннельных участках дополнительно: При выполнении  работ на тоннельных участках дополнительно: %1%0%0%
Хозяйство  пути и сооружений%РУКОВОДИТЕЛИ И СПЕЦИАЛИСТЫ%Электромеханик, старший электромеханик%Костюм для защиты от пониженных температур «Механик» %по поясам%При работе в неотапливаемых помещенияхна наружных работах зимой дополнительно:%1%36%36%
Хозяйство  пути и сооружений%РУКОВОДИТЕЛИ И СПЕЦИАЛИСТЫ%Электромеханик, старший электромеханик%Шапка-ушанка со звукопроводными вставками%по поясам%При работе в неотапливаемых помещенияхна наружных работах зимой дополнительно:%1%24%24%
Хозяйство  пути и сооружений%РУКОВОДИТЕЛИ И СПЕЦИАЛИСТЫ%Электромеханик, старший электромеханик%Шапка трикотажная%1 на 2 года%При работе в неотапливаемых помещенияхна наружных работах зимой дополнительно:%1%24%24%
Хозяйство  пути и сооружений%РУКОВОДИТЕЛИ И СПЕЦИАЛИСТЫ%Электромеханик, старший электромеханик%Рукавицы утепленные%по поясам%При работе в неотапливаемых помещенияхна наружных работах зимой дополнительно:%1%6%6%
Хозяйство  пути и сооружений%РУКОВОДИТЕЛИ И СПЕЦИАЛИСТЫ%Электромеханик, старший электромеханик%Перчатки утепленные%по поясам%При работе в неотапливаемых помещенияхна наружных работах зимой дополнительно:%1%6%6%
Хозяйство  пути и сооружений%РУКОВОДИТЕЛИ И СПЕЦИАЛИСТЫ%Электромеханик, старший электромеханик%Сапоги юфтевые утепленные на нефтеморозостойкой подошве%по поясам%При работе в неотапливаемых помещенияхна наружных работах зимой дополнительно:%1%12%12%
Хозяйство  пути и сооружений%РУКОВОДИТЕЛИ И СПЕЦИАЛИСТЫ%Электромеханик, старший электромеханик%Сапоги  утепленные из поливинилхлоридного пластиката и влагостойкой ткани%%При работе в неотапливаемых помещенияхна наружных работах зимой дополнительно:%1%24%24%
Хозяйство  пути и сооружений%РУКОВОДИТЕЛИ И СПЕЦИАЛИСТЫ%Электромеханик, старший электромеханик%Валенки (сапоги валяные) с резиновым низом %по поясам%При работе в неотапливаемых помещенияхна наружных работах зимой дополнительно:%1%12%12%
Хозяйство  пути и сооружений%РУКОВОДИТЕЛИ И СПЕЦИАЛИСТЫ%Электромеханик, старший электромеханик%Подшлемник для защиты от пониженных температур со звукопроводными вставками%по поясам%При выполнении  работ  на  тоннельных участках дополнительно:%1%24%24%
Хозяйство  пути и сооружений%РУКОВОДИТЕЛИ И СПЕЦИАЛИСТЫ%Электромеханик, старший электромеханик%Свитер полушерстяной%1%При выполнении  работ  на  тоннельных участках дополнительно:%1%12%12%
Хозяйство  пути и сооружений%%%%%%%%%
